1398
922
1409
434
921
1360
749
1164
994
90
75
110
295
222
226
723
828
159
107
1336
1339
552
761
1167
239
576
613
375
606
460
107
1176
76
683
611
91
1032
406
285
233
100
162
468
1296
370
1016
247
915
670
1001
933
242
84
1270
490
121
1154
573
278
774
970
86
873
1270
1214
948
1398
1410
1266
1147
962
920
1088
1203
301
1295
1205
805
679
773
966
1004
934
1337
1042
1351
1274
713
597
601
236
142
229
210
159
76
115
139
131
116
117
123
1395
93
110
194
94
108
127
93
93
80
132
146
176
163
239
114
175
149
166
102
404
259
302
226
148
305
201
197
544
326
207
154
164
192
376
128
628
935
178
1358
610
736
853
355
607
925
183
676
857
796
1479
539
1153
864
277
499
449
137
236
191
183
420
1369
655
776
1299
389
799
1349
1040
76
104
106
88
136
280
119
101
117
232
261
349
335
434
715
267
924
240
90
1266
1006
1255
173
828
1406
1046
483
1039
1050
462
559
264
294
647
758
691
368
574
1140
400
1445
362
367
260
390
1149
1261
658
925
785
223
720
248
1350
217
289
550
919
942
519
696
1169
484
844
1040
947
527
1461
502
1471
176
712
259
458
605
213
150
272
153
205
322
155
256
74
474
316
80
103
156
360
442
75
171
251
979
78
234
560
364
106
276
154
116
459
833
215
219
262
198
292
337
618
456
318
357
405
216
765
114
102
282
339
369
242
201
142
280
430
495
226
95
232
94
87
140
609
336
573
840
174
153
256
214
274
310
213
186
139
380
103
451
539
350
228
170
113
126
259
119
92
260
191
329
413
641
190
283
90
140
165
887
548
358
310
326
541
243
153
98
264
282
285
103
187
357
274
79
169
246
304
177
291
347
243
160
210
173
387
317
132
137
211
367
112
236
325
584
750
185
469
376
808
490
106
319
312
124
248
133
187
132
279
169
486
92
267
210
183
245
123
380
178
179
100
142
785
243
91
335
520
485
375
806
681
420
93
144
109
186
130
393
325
339
550
450
125
182
546
93
842
84
235
86
208
88
460
455
103
112
364
404
837
108
304
266
125
139
248
412
305
290
438
178
245
274
280
267
275
301
107
518
436
403
104
254
481
157
80
226
134
425
186
255
332
184
207
219
138
542
1151
309
163
156
230
527
386
149
107
120
463
79
524
513
301
619
409
141
285
238
211
283
111
591
532
549
391
196
413
116
507
454
388
910
480
185
367
425
82
1428
237
315
1231
1264
972
1012
888
1144
224
1448
927
778
215
264
361
364
419
1205
659
1406
1309
433
611
268
408
402
83
84
212
84
329
323
196
962
614
725
1112
488
740
442
1396
154
722
222
1225
1424
1036
295
1093
854
160
88
854
381
348
728
1304
771
196
377
711
644
472
184
842
670
1304
854
684
304
481
912
1254
756
255
906
457
773
830
1192
938
607
826
810
1335
1006
963
1132
751
219
140
128
121
495
89
1379
1360
112
721
345
1168
1331
96
124
119
290
78
125
103
283
1270
1114
1361
689
1081
1115
1180
176
541
162
338
1131
715
270
711
743
426
444
820
339
1364
227
231
170
544
308
396
366
877
1158
941
386
861
139
291
88
863
598
159
340
1231
1019
728
1167
247
267
214
230
89
291
245
571
1001
276
448
166
145
203
105
110
613
348
136
608
582
868
688
311
390
420
626
522
535
122
428
245
566
572
507
296
240
185
335
362
400
497
341
128
384
406
264
458
377
315
285
672
121
737
471
804
606
511
156
579
286
502
370
355
1170
934
875
292
261
328
466
341
457
418
497
780
796
173
187
312
569
309
215
496
457
437
488
452
463
429
151
381
241
785
812
837
284
259
211
307
105
173
404
365
666
833
830
627
1130
305
208
195
456
581
147
1091
344
687
1042
627
579
142
165
444
375
194
401
284
239
78
204
363
99
85
105
790
317
424
362
433
394
303
82
1259
975
120
153
172
174
228
247
244
235
768
668
628
195
307
1060
689
447
208
221
252
374
463
413
732
785
449
123
114
78
99
208
102
107
443
166
227
605
513
506
185
243
147
134
578
223
243
260
221
208
455
435
426
349
275
320
119
268
335
233
337
333
209
97
124
139
201
191
198
248
161
332
406
202
758
241
680
260
518
481
627
542
1293
788
1269
565
1231
1179
1287
1090
1122
717
1143
385
695
960
875
1126
1340
416
904
442
218
624
823
1296
641
1420
832
1055
1299
796
641
660
1079
1310
259
697
788
969
376
1270
564
483
445
187
165
224
141
103
104
102
169
77
274
154
137
180
92
248
1153
1360
1357
249
479
139
682
325
323
422
1193
656
1369
251
803
705
97
212
87
139
452
738
518
991
663
860
426
800
1129
776
1027
534
886
592
598
974
1295
1199
804
941
1161
1352
1327
1127
1123
568
369
1234
1232
916
221
410
210
247
335
330
290
133
266
848
859
1199
127
953
361
104
289
210
382
241
920
518
144
203
585
520
433
460
161
720
488
112
456
456
343
169
246
544
318
921
540
569
796
497
548
553
546
585
82
579
458
367
336
417
602
436
189
569
168
293
486
241
106
194
285
266
623
196
116
721
776
293
454
803
727
871
200
837
486
269
77
910
279
136
424
83
85
551
1232
567
1025
1396
685
567
111
147
87
197
234
1047
479
223
188
243
794
1209
897
320
221
582
833
644
1019
476
760
942
1433
1162
271
332
322
297
681
340
330
502
103
290
538
1022
1106
1163
869
1361
640
1075
1306
331
74
181
96
100
93
74
126
186
84
82
416
187
125
246
122
114
93
679
484
206
712
129
280
149
194
115
154
136
172
158
104
100
164
235
116
652
715
985
83
312
519
132
118
881
389
206
606
489
503
347
294
222
281
164
555
225
97
536
649
663
195
298
560
799
188
207
762
83
666
240
100
1340
289
560
1127
1138
1243
857
548
1276
268
1058
886
1416
1418
1055
534
838
922
1313
861
1129
1334
248
1030
1152
1171
639
1456
488
423
502
856
292
914
521
819
835
1259
1424
595
1394
766
286
308
647
1006
923
645
1131
535
773
201
271
293
153
135
116
148
85
1220
967
109
225
176
125
228
116
98
307
683
201
152
161
185
263
727
676
94
354
423
176
180
606
536
690
1075
1354
378
152
147
254
154
728
1374
1105
569
611
666
588
1070
1093
687
438
481
524
465
451
252
403
167
231
436
596
207
169
1002
240
477
342
269
123
910
561
951
771
437
568
1016
115
295
290
93
315
316
468
96
308
674
797
477
280
595
418
1102
651
564
536
452
334
514
226
157
224
392
500
710
146
254
395
421
565
847
361
1186
496
762
293
470
381
347
1114
1118
994
845
1119
721
143
676
690
401
281
152
559
919
443
124
99
321
1037
443
315
533
742
899
1120
746
1459
221
604
690
1033
139
339
105
245
559
295
260
85
180
216
181
604
227
338
469
378
181
79
568
161
85
345
401
448
96
314
773
332
1184
538
500
90
693
89
122
85
466
484
121
852
100
791
328
809
111
525
542
347
976
734
911
877
360
165
144
95
228
93
240
257
243
809
784
1152
888
795
359
450
1028
399
101
399
1069
697
1110
501
755
433
908
1104
146
447
1229
328
944
1033
1421
680
184
234
360
100
173
721
691
1040
734
623
789
466
823
1370
608
920
639
633
1467
109
482
605
458
482
169
289
729
637
644
546
420
434
124
431
199
635
313
413
574
143
142
138
292
593
322
656
87
446
490
415
201
137
782
353
335
778
653
392
1247
475
655
655
736
280
310
726
324
971
529
956
935
306
669
972
318
822
290
235
1398
900
991
481
609
678
776
987
925
1035
577
864
365
787
457
396
292
520
838
594
646
335
1193
237
210
191
802
776
95
107
83
579
394
110
607
600
85
125
198
976
517
1283
1265
600
1375
781
677
755
640
230
1240
496
411
1099
813
496
262
800
303
708
1104
393
1034
705
748
108
781
251
511
732
503
846
168
294
668
810
311
775
539
648
911
288
935
1045
886
608
219
704
778
443
277
506
781
277
861
971
898
748
208
349
262
161
100
87
89
354
331
445
440
506
528
983
466
503
654
754
419
980
113
1215
282
835
736
912
781
628
501
817
521
788
517
468
1127
551
452
621
553
249
206
361
145
745
398
184
421
201
417
539
760
1023
776
841
726
300
891
380
179
391
135
648
677
811
701
462
301
230
194
460
313
368
350
1469
811
501
414
287
600
1161
631
610
443
519
1066
1055
1010
376
678
468
729
335
626
391
482
849
460
512
685
1037
895
380
443
843
717
725
142
162
930
390
1154
593
439
770
283
270
360
322
298
484
381
380
735
853
464
400
311
260
192
182
493
401
610
142
82
207
937
686
773
709
696
740
588
672
581
687
637
698
328
351
372
281
578
780
559
1107
394
950
711
572
704
1133
584
751
460
892
574
570
382
488
915
285
483
785
706
84
414
241
825
220
275
251
346
753
827
1006
847
488
175
334
238
232
107
163
123
198
200
113
371
293
563
396
473
425
130
268
145
133
238
273
372
281
168
239
238
215
782
689
686
642
341
468
175
463
1413
417
770
744
513
692
467
1058
181
723
88
734
424
262
284
142
137
221
967
528
476
723
626
682
612
516
325
528
769
882
728
313
457
218
475
422
350
429
489
986
1024
329
361
591
515
597
249
99
358
416
398
194
153
370
196
323
389
905
638
342
711
345
494
351
147
109
188
165
87
95
102
82
82
157
109
368
417
441
145
735
83
300
190
284
105
136
244
108
135
832
399
514
1067
768
195
903
649
794
593
1154
451
673
318
459
525
360
457
620
701
730
652
730
614
225
987
316
831
396
358
125
396
415
695
1155
739
877
922
381
322
181
116
458
698
775
797
488
782
322
613
350
131
240
521
383
315
330
957
259
415
761
797
306
484
533
974
641
784
220
912
806
416
945
257
338
323
382
753
365
552
687
762
341
292
804
579
448
836
629
336
1131
1132
817
1148
841
548
181
929
631
856
673
756
448
613
355
323
481
430
284
589
1132
557
605
844
854
499
403
592
536
311
981
718
825
991
1280
1091
487
1391
776
433
719
510
451
841
173
219
193
280
472
312
569
331
356
200
473
714
733
725
722
668
427
243
539
799
183
617
119
133
155
442
116
389
640
823
149
95
82
127
119
74
854
720
447
251
204
304
841
632
339
506
756
527
742
241
744
844
554
565
520
423
366
371
458
274
99
255
116
104
586
240
852
101
453
295
334
248
275
192
329
260
313
812
468
314
552
424
413
855
679
279
886
776
867
615
748
1458
505
746
404
631
396
325
466
155
253
89
75
465
212
453
464
293
512
109
138
98
151
143
473
931
610
580
827
413
235
770
144
471
207
365
152
256
1112
481
635
378
263
243
1038
716
542
602
477
248
270
360
74
135
330
950
245
383
744
391
677
233
682
856
431
361
1033
881
972
712
791
482
426
222
355
419
346
808
1077
666
607
272
317
909
904
895
663
1068
775
639
830
561
575
890
845
695
468
496
547
371
374
358
950
686
380
590
458
456
133
88
117
79
89
637
142
192
733
329
1090
689
909
939
565
713
1216
1048
755
623
886
797
841
363
288
166
717
349
249
294
227
889
890
679
221
472
668
415
514
290
141
367
282
800
89
628
91
193
131
460
784
994
394
358
520
431
285
403
442
331
250
218
320
378
217
428
220
536
694
266
393
206
306
388
430
118
379
193
295
337
152
255
215
687
357
191
416
386
131
766
512
879
544
637
1066
509
672
312
474
812
971
565
132
320
677
415
99
681
591
263
188
149
257
414
257
860
147
107
726
361
665
940
122
487
517
822
560
124
504
816
144
279
553
1197
393
742
401
634
704
604
742
550
345
1376
416
401
326
606
558
484
492
254
441
153
292
175
333
548
1297
560
147
718
963
636
291
667
777
687
757
605
767
618
582
277
344
621
153
289
273
370
258
149
216
639
720
398
468
396
1006
396
1029
330
807
312
157
313
524
738
654
195
377
1003
540
293
278
181
202
236
523
900
269
273
229
788
624
353
436
786
193
231
255
162
486
317
211
133
376
441
528
329
101
232
703
416
722
854
874
1043
706
259
333
407
1015
684
593
980
231
161
544
267
589
1007
443
501
264
1110
748
231
544
198
188
324
106
90
504
521
331
397
817
582
767
606
274
219
758
800
1116
727
748
846
817
291
396
600
284
235
445
792
213
191
326
729
1111
715
792
272
744
160
405
132
118
115
93
133
160
75
75
786
165
378
623
869
588
247
647
232
118
401
184
211
222
570
546
155
498
580
657
701
594
246
545
880
1073
321
415
746
1285
390
282
175
525
161
807
528
388
148
350
231
524
921
825
333
678
946
555
695
730
560
570
597
1222
569
709
369
610
598
334
256
441
89
481
658
605
378
258
179
366
490
244
768
385
377
493
1079
395
583
303
431
387
1124
167
1214
1104
155
511
384
427
826
728
202
930
438
746
1037
716
512
1038
1191
558
444
874
782
491
728
578
607
325
497
424
130
601
182
423
223
276
238
121
110
353
445
876
352
467
715
112
293
146
142
347
124
431
437
240
221
862
562
986
823
393
732
656
627
538
186
450
440
523
514
290
829
505
744
755
590
148
493
357
452
423
655
1064
315
488
291
584
774
170
1130
407
838
837
303
176
327
460
779
594
1029
670
441
582
474
678
289
542
474
370
817
461
219
170
99
492
684
801
514
525
349
447
425
636
696
685
946
879
563
510
415
304
656
755
600
838
450
1057
639
778
970
140
715
599
848
1081
920
836
263
769
265
740
587
645
215
366
260
411
364
317
115
330
425
289
393
828
978
335
474
467
352
294
156
485
403
479
210
322
884
518
1068
1086
207
1030
795
336
216
349
357
328
216
210
142
232
158
268
323
273
461
656
182
160
530
918
219
620
561
314
456
810
841
712
465
130
95
193
234
209
87
110
156
213
220
514
117
492
165
194
234
239
183
634
466
190
208
155
140
210
307
230
196
240
470
219
582
837
287
293
248
334
528
865
412
518
819
1121
963
196
154
537
431
497
717
885
185
689
989
936
848
533
488
741
507
550
167
250
303
137
697
259
299
159
367
397
525
459
816
692
773
770
586
598
473
734
1160
344
1304
160
388
281
164
506
115
273
274
74
191
302
423
651
376
251
671
718
502
434
362
367
549
616
487
678
184
209
352
210
523
383
549
156
460
384
531
641
246
270
142
279
297
128
541
138
326
644
415
776
754
614
988
346
754
535
650
949
493
190
369
437
389
716
184
775
390
480
320
246
255
402
389
408
275
1070
238
223
336
300
418
354
275
115
346
892
966
388
396
470
335
166
115
160
257
267
163
167
139
429
208
134
579
378
274
632
588
828
599
323
701
830
571
349
481
658
623
693
906
735
515
484
372
811
897
992
780
798
642
979
615
305
682
418
191
637
507
784
875
474
475
782
896
367
338
996
196
737
667
460
1107
346
344
179
401
197
343
289
235
99
185
165
101
885
818
643
474
385
186
345
735
319
358
752
1037
369
550
562
459
641
420
560
952
269
444
565
679
750
666
762
598
641
764
551
791
774
520
647
399
566
718
599
980
631
834
395
162
422
298
257
1141
880
309
653
562
626
595
926
581
531
916
310
286
306
335
545
156
245
84
323
191
269
284
114
774
1093
977
828
755
291
223
730
85
496
531
772
871
529
630
543
766
804
648
330
279
336
752
617
709
745
821
631
466
170
711
918
660
853
149
182
88
122
129
600
294
330
172
155
696
988
169
422
420
530
190
495
561
627
622
237
134
381
221
238
581
781
777
423
478
526
576
854
261
366
723
656
665
705
916
945
599
1283
599
353
658
522
345
656
194
560
126
265
459
1148
145
685
648
191
451
701
477
395
508
277
1030
656
533
626
418
838
436
272
307
455
468
144
562
516
444
167
326
635
1024
499
734
603
675
493
456
784
714
325
231
252
683
605
842
359
339
215
362
168
371
304
417
499
218
221
286
229
170
223
476
287
550
511
535
420
362
366
385
363
444
679
863
770
522
459
240
419
446
282
107
271
326
300
759
229
639
190
258
264
507
319
480
625
452
406
160
593
291
257
137
106
334
608
164
222
277
125
528
221
242
1048
1072
843
92
576
505
244
825
325
317
345
343
341
102
302
995
237
531
160
163
175
732
463
233
654
657
267
232
321
606
409
179
407
358
430
575
731
676
811
695
586
667
846
826
127
175
102
147
134
149
176
177
492
171
511
325
934
137
172
114
449
822
208
961
496
671
507
992
922
234
315
791
1000
713
365
713
891
841
185
226
555
610
423
832
637
305
325
496
230
535
176
129
345
296
805
544
480
221
458
527
109
185
304
200
264
757
634
495
581
169
606
156
266
755
786
141
121
152
83
111
102
121
76
434
941
105
82
138
542
202
196
611
328
413
353
347
425
490
279
622
848
526
331
355
523
703
352
359
419
275
409
538
540
800
193
672
543
262
164
308
448
562
200
92
450
777
671
636
196
526
675
790
644
239
641
757
773
775
386
880
484
777
624
741
746
994
284
928
737
419
553
243
843
489
1017
751
911
576
348
843
656
753
614
652
657
810
620
669
716
809
684
495
576
325
374
621
346
420
520
537
827
581
536
775
289
216
626
851
506
244
226
453
459
462
555
383
673
410
726
185
265
256
193
770
741
814
791
656
584
310
448
549
504
431
338
386
138
306
396
320
179
216
123
112
478
238
143
671
746
436
598
638
914
335
265
237
200
88
220
407
185
152
185
447
436
283
355
605
671
524
464
512
304
1229
836
191
167
556
1013
429
298
118
151
380
267
528
277
367
587
375
666
779
426
343
280
1166
595
340
127
748
263
171
966
569
731
489
686
791
372
535
181
812
165
496
521
550
537
398
311
316
577
429
171
75
117
389
291
331
169
243
123
326
291
1237
630
582
375
394
344
352
712
740
423
467
900
245
466
507
294
554
816
214
551
203
382
278
391
604
363
313
283
117
408
314
535
651
454
756
389
960
696
160
101
489
510
287
161
129
103
343
222
361
200
347
196
437
355
358
284
464
174
222
209
185
590
529
364
658
831
452
302
245
420
680
355
407
437
400
916
443
235
345
439
75
397
453
604
185
266
180
179
513
759
753
682
530
634
441
531
381
459
548
478
661
590
183
109
251
374
148
182
1244
1141
333
323
459
524
143
237
176
534
126
438
366
214
218
151
353
475
422
173
105
149
185
89
109
1030
790
879
694
186
188
593
207
883
518
532
215
306
333
456
338
587
780
526
676
171
479
421
436
815
572
893
504
658
723
278
458
989
708
340
427
815
530
530
317
496
682
399
727
451
368
1087
177
77
490
469
218
396
94
376
252
304
362
949
608
603
527
640
508
540
550
738
542
595
289
699
763
540
800
402
470
679
213
154
78
403
762
229
135
119
284
320
711
804
300
208
257
576
253
458
211
899
659
558
504
457
598
115
712
621
360
240
464
239
461
454
417
433
666
617
648
477
629
255
179
375
162
319
791
268
182
703
541
280
197
936
683
550
481
446
490
373
441
356
327
306
199
457
759
221
558
835
601
1032
275
400
436
239
385
93
88
284
160
133
236
110
331
182
403
139
458
286
279
132
195
196
115
142
435
665
326
776
809
774
807
608
730
853
874
505
141
125
101
86
158
744
106
156
149
188
478
165
573
555
208
198
260
528
708
493
798
579
816
599
658
704
640
927
354
260
219
115
300
188
680
314
378
793
148
540
708
681
598
339
505
396
309
288
625
774
580
322
378
232
87
186
138
89
107
243
387
268
129
109
165
307
125
188
117
469
681
699
775
271
288
391
442
198
219
221
686
421
772
305
774
279
483
209
230
295
249
580
672
585
358
128
478
269
290
143
174
85
209
215
312
146
178
389
446
870
830
302
296
498
475
433
684
222
107
437
373
145
473
431
734
821
421
532
486
539
663
466
728
276
360
148
439
680
932
389
673
667
655
312
363
989
714
629
164
278
319
570
508
830
598
718
692
625
186
139
93
748
235
966
330
306
569
579
409
206
455
413
364
414
104
418
412
293
255
362
533
639
160
165
360
245
280
119
133
155
305
366
246
187
205
92
326
181
226
185
667
832
283
178
251
626
92
89
758
555
553
450
593
528
815
136
243
202
521
216
829
336
221
585
441
241
427
465
236
219
406
297
336
109
594
703
530
993
475
671
413
284
535
753
410
659
673
653
492
431
464
296
838
512
323
729
396
314
238
485
429
229
459
795
639
970
497
567
478
688
330
386
459
620
736
375
109
786
664
877
943
601
246
861
1085
459
594
564
410
418
512
776
374
746
842
374
347
439
372
460
179
150
163
335
633
134
312
120
142
318
161
76
466
127
168
404
1037
358
420
408
253
187
128
384
253
464
221
165
246
119
458
295
346
794
917
725
169
388
603
424
1159
211
473
149
420
522
800
764
668
815
117
357
221
592
566
298
687
516
248
351
666
496
740
794
832
946
128
891
775
628
502
162
271
90
404
247
771
619
546
425
131
177
323
137
170
181
180
316
246
194
356
93
194
252
142
90
237
264
260
154
115
207
268
173
733
284
198
276
237
275
202
225
250
204
78
179
261
118
111
207
271
221
228
86
274
268
117
219
87
97
175
236
659
657
173
97
365
209
265
204
232
387
278
91
83
173
279
87
91
322
608
289
791
294
529
200
570
446
565
771
681
203
522
651
677
501
549
608
481
470
337
622
535
326
199
970
655
837
428
637
382
504
580
368
291
947
373
257
476
936
344
140
296
501
914
749
792
611
286
375
535
442
564
812
574
667
618
611
301
599
546
329
395
187
365
461
335
508
107
386
144
188
320
936
916
602
264
580
132
303
745
453
250
387
530
622
708
414
620
461
155
267
394
399
387
607
479
664
763
638
907
385
516
736
258
189
235
188
674
914
682
370
652
734
685
375
281
952
772
458
800
481
1049
988
963
488
240
553
627
496
144
517
205
216
629
469
423
387
519
527
254
475
490
349
667
572
1116
539
361
489
301
175
141
366
111
433
542
745
355
137
530
460
435
451
408
667
465
429
445
492
278
1107
833
498
391
104
505
450
115
344
451
314
108
421
114
202
411
144
109
108
290
158
195
173
501
715
681
134
491
168
204
777
839
736
449
906
164
160
257
103
86
229
553
378
377
507
558
690
413
744
157
248
172
155
279
620
657
459
415
342
504
176
482
455
175
673
177
914
604
304
644
757
238
322
81
95
457
545
1001
217
564
849
436
827
497
431
448
483
753
166
597
133
235
154
679
580
496
478
698
440
449
89
256
125
290
410
327
218
131
110
372
304
224
510
558
604
186
230
609
224
204
182
249
455
231
256
314
154
280
214
144
87
202
87
127
84
95
294
134
200
241
482
720
805
730
281
499
353
941
583
416
550
470
831
544
905
547
1138
617
185
196
172
606
622
379
356
308
615
152
361
319
399
212
97
165
376
276
299
390
354
574
506
277
119
135
326
361
359
202
400
170
268
317
377
356
413
514
208
100
290
293
333
311
251
81
214
300
521
593
1068
353
886
440
125
610
764
391
535
470
262
451
868
860
595
564
356
270
577
372
418
628
129
264
330
486
305
378
593
465
438
429
430
257
145
432
291
460
294
313
94
255
506
303
572
417
146
460
875
526
973
285
266
84
836
180
282
889
748
406
651
139
430
256
434
314
536
673
495
958
1057
344
411
735
518
419
424
417
527
219
137
150
441
342
1139
234
481
358
473
183
318
513
434
372
395
235
601
484
850
370
565
644
147
248
338
316
316
331
522
607
670
459
732
909
848
201
150
454
119
533
957
616
548
255
567
549
358
100
295
162
480
563
560
645
273
192
360
734
832
468
266
490
738
480
381
439
246
171
344
368
84
649
820
288
830
614
348
579
454
586
543
226
231
1042
992
607
179
719
363
559
507
479
136
292
79
141
224
184
113
134
514
311
175
240
222
147
142
547
469
263
212
734
748
771
426
311
550
101
636
409
511
536
453
242
171
514
142
674
467
346
451
203
487
291
431
108
684
332
735
409
245
530
741
215
479
211
892
305
444
462
497
423
545
410
605
318
365
744
447
749
680
223
222
246
163
74
668
265
88
75
405
278
374
477
635
327
826
755
636
654
666
745
533
422
745
470
188
534
715
684
102
244
191
77
488
750
734
197
257
236
186
305
420
787
524
205
438
548
715
541
374
818
610
548
793
607
466
796
735
672
775
196
425
540
402
834
390
345
626
606
641
281
388
381
187
348
200
285
195
319
402
343
294
250
275
300
447
304
199
99
471
101
758
475
761
206
489
117
887
1059
924
603
799
340
193
303
373
592
657
509
545
783
876
405
475
482
825
536
431
708
506
705
121
90
201
142
80
519
333
264
263
86
184
148
88
106
151
364
691
624
374
156
182
171
283
396
324
438
632
515
308
597
394
304
530
453
650
493
449
808
936
284
627
680
425
336
299
266
455
388
765
521
991
665
330
289
612
458
603
142
627
642
710
381
419
306
280
806
641
196
160
79
179
287
641
104
158
254
391
571
597
689
162
268
188
710
1091
202
470
240
194
164
514
338
168
347
414
610
144
453
445
245
256
145
148
459
422
463
301
252
748
664
361
725
457
207
265
424
292
376
575
318
338
488
639
144
743
489
685
266
642
348
374
663
230
547
463
376
410
461
796
650
324
558
609
133
146
90
444
446
309
388
552
375
91
427
486
557
235
650
334
322
500
542
477
584
277
403
717
567
761
564
455
553
178
344
333
543
564
519
283
358
451
559
653
626
401
497
188
151
174
120
127
252
422
445
147
216
493
459
159
584
509
336
252
487
469
354
318
587
746
593
469
568
658
318
333
305
369
447
481
477
231
546
401
179
448
648
500
155
76
235
151
273
176
267
184
478
184
278
147
452
292
183
95
94
235
160
130
712
287
642
417
106
198
354
440
630
879
300
205
93
261
156
142
204
196
109
253
189
160
359
412
160
491
658
543
821
386
757
246
406
146
338
275
188
75
254
631
195
193
424
176
149
203
391
496
359
414
391
657
668
388
135
445
525
610
245
622
163
405
543
456
320
712
254
222
201
223
256
888
642
1030
439
543
120
553
827
964
766
407
718
519
679
512
848
292
214
325
259
333
338
583
395
549
810
601
413
329
83
276
465
624
640
603
435
682
664
383
195
354
630
456
561
535
650
560
406
413
172
422
463
185
528
425
264
244
321
637
384
361
329
280
219
649
562
449
655
526
352
742
167
349
487
562
432
166
423
715
159
228
266
881
176
663
394
441
896
787
601
527
783
914
461
551
628
384
709
462
290
276
470
187
280
405
353
281
341
444
359
213
667
178
435
435
170
301
381
596
314
429
235
305
316
217
187
225
204
375
169
203
945
354
495
433
613
734
499
558
98
206
98
108
516
714
364
268
155
452
496
123
974
669
659
749
408
355
612
234
368
521
477
270
559
260
659
342
300
210
136
209
229
210
608
178
238
183
124
313
213
251
333
845
569
447
683
646
528
321
419
261
207
516
564
500
483
281
725
177
409
214
997
533
263
82
268
220
524
142
533
607
169
139
215
155
204
326
314
613
721
686
780
123
519
638
819
159
249
129
184
250
194
448
86
109
125
315
203
328
237
379
436
188
179
187
384
113
184
305
275
199
278
87
451
612
330
613
229
410
326
344
577
719
1001
792
137
488
243
192
345
289
379
220
441
308
375
467
225
365
409
345
246
541
634
412
737
585
159
180
98
99
106
156
195
207
325
270
120
190
289
346
277
543
274
850
781
510
545
734
81
158
905
413
134
180
814
465
577
609
551
609
604
649
245
471
582
308
512
480
287
625
848
627
412
808
503
125
252
437
434
734
248
298
204
214
174
183
199
615
281
609
645
722
522
286
245
137
132
193
199
89
883
330
575
294
1068
441
350
602
706
294
494
853
432
513
540
443
558
190
200
576
447
355
196
772
187
325
339
796
792
895
745
625
580
635
449
372
323
544
1042
519
454
432
126
568
631
515
185
168
192
305
320
279
422
378
353
596
846
645
331
565
210
243
437
367
669
187
225
337
237
297
539
1005
687
1094
735
565
756
726
545
204
123
170
116
247
173
119
97
136
163
154
315
199
247
179
231
203
159
213
270
285
244
192
79
124
89
174
131
77
109
173
142
307
259
238
392
169
208
245
255
166
162
214
125
134
209
178
238
446
245
80
357
294
289
294
374
363
128
266
219
117
203
295
299
392
376
205
587
209
388
288
151
372
248
387
292
276
324
160
262
180
259
344
328
350
292
368
379
303
272
235
263
254
202
312
344
322
228
228
198
233
892
894
237
298
421
134
152
288
288
460
413
148
152
184
150
155
177
279
85
436
154
236
298
686
440
839
391
562
709
851
854
938
749
232
487
281
417
79
545
492
258
84
447
294
455
583
651
106
137
257
193
512
504
336
256
350
94
391
364
510
258
291
522
505
712
416
385
310
231
99
153
381
379
355
296
266
87
329
196
318
239
217
376
343
206
208
140
256
752
469
424
430
199
173
286
465
514
736
736
676
145
144
505
265
333
519
615
441
655
640
468
614
639
800
231
459
254
521
262
376
611
367
665
226
407
613
712
147
819
717
129
211
204
143
237
122
350
483
716
457
540
353
497
700
716
102
215
471
196
168
118
80
81
242
396
183
709
474
660
541
730
126
497
79
346
424
330
342
326
681
562
221
369
229
496
758
504
496
922
528
804
612
327
612
126
280
294
329
393
303
205
249
360
307
533
518
583
99
732
545
648
158
474
588
96
445
302
213
308
274
236
157
134
523
251
234
215
273
770
253
378
510
507
696
564
415
210
199
280
730
376
318
750
593
237
277
269
116
355
321
299
195
273
414
270
355
656
607
521
267
226
592
421
301
381
363
429
559
851
525
450
550
151
486
380
399
264
682
790
739
334
345
356
429
280
263
334
351
149
301
444
362
223
434
446
510
169
700
532
229
282
448
535
439
134
206
551
492
597
471
567
799
458
434
363
144
415
537
771
313
443
538
834
499
677
401
153
575
470
839
539
295
857
463
292
759
217
407
140
197
395
136
456
240
426
301
492
369
300
206
167
371
389
322
636
583
572
553
454
779
574
349
521
321
575
666
640
626
666
588
636
796
576
226
172
329
174
167
109
522
547
326
485
523
127
380
331
319
366
511
535
450
491
481
248
131
199
349
125
110
88
219
196
236
166
176
91
489
909
303
732
739
628
252
404
213
375
455
527
479
684
755
653
332
428
266
596
181
143
196
338
516
416
511
412
282
399
217
373
462
501
674
672
854
292
348
335
300
485
238
344
860
631
696
346
344
374
332
562
358
78
124
82
129
424
113
176
129
135
148
99
130
197
192
842
425
74
191
190
85
106
147
220
114
249
185
122
89
168
122
99
126
81
313
295
90
235
131
177
238
158
79
226
516
444
117
179
494
641
219
507
665
415
363
318
335
212
388
219
203
172
350
255
458
528
97
306
273
507
272
153
338
545
439
545
212
168
261
215
112
602
521
435
477
347
460
91
173
84
103
775
589
775
590
699
475
623
391
134
412
172
462
95
535
89
422
452
474
442
751
664
533
316
280
490
350
608
255
383
473
485
672
532
354
405
341
295
532
217
395
471
290
578
297
271
163
745
307
618
109
423
361
509
428
316
507
393
314
571
395
508
418
539
403
419
441
490
462
592
602
318
494
302
270
233
593
749
318
589
1029
163
380
512
82
118
133
76
379
340
452
350
196
261
385
471
587
303
678
300
889
662
314
490
446
522
335
523
652
329
458
387
432
854
317
580
241
86
195
217
96
126
165
119
346
94
445
567
581
634
609
549
125
108
413
324
373
92
277
527
775
527
266
386
411
308
284
456
769
599
943
779
100
348
261
458
246
612
505
446
77
314
508
447
381
655
470
442
186
388
193
797
567
741
325
430
499
247
577
577
241
216
137
308
638
690
382
374
484
225
517
257
219
275
298
193
133
568
375
322
295
635
208
604
459
486
585
435
401
213
471
222
760
396
204
486
750
557
261
343
429
584
397
675
800
475
516
777
521
382
215
738
105
97
201
151
85
178
546
281
505
388
407
343
186
191
195
198
224
172
78
731
722
755
495
233
510
286
695
672
82
269
299
668
238
213
313
172
