923
1638
825
511
908
582
1772
982
233
689
4880
7166
4908
2797
395
1890
710
3786
4775
1217
1242
930
8105
827
4255
1890
1288
4663
4046
2133
3285
1312
677
845
735
756
457
1872
4093
797
515
8452
340
7047
3723
1620
346
378
1020
3634
3225
5043
1260
1007
1460
1366
6457
312
1405
914
3456
2191
1260
1959
1209
9665
2859
1140
1633
1059
1081
1910
1278
4236
614
2562
2952
1422
1223
428
2780
1690
615
2251
3442
4836
1697
514
737
1844
374
1124
694
1232
2481
1368
555
3613
1116
2147
212
619
238
929
5693
640
2956
1275
510
1324
967
2286
641
862
649
1765
836
1501
707
1566
2860
5899
299
8060
2776
224
5717
1429
648
4376
4177
3814
2610
6916
1630
1889
943
1345
4470
1038
572
3657
1387
2063
684
442
1087
1775
1517
2812
2460
985
2263
867
2530
2018
457
1088
1480
1817
915
1614
4129
869
967
4045
1173
2083
1172
953
881
2059
1732
1274
2114
726
1065
914
1036
431
123
675
550
3030
1828
1056
527
833
2300
704
5223
2236
1193
4297
290
366
415
1076
6813
250
1232
1581
9804
3695
4437
450
117
805
834
1284
678
1748
875
367
3034
1836
963
1728
1124
282
1559
887
2472
881
3040
1087
928
1454
880
477
2249
1297
4048
1855
4444
630
1263
1015
4884
519
1731
1639
964
6376
7213
434
1027
4327
914
5225
2635
7437
1451
857
675
381
554
2239
1100
2907
2688
1158
1422
731
325
470
1512
677
1830
1073
4460
6928
1496
856
1627
887
802
2116
2240
3373
1252
2435
847
1166
500
1232
1855
815
2283
659
6665
2556
1891
1136
1809
8323
7764
353
1045
1736
398
3466
6792
7192
962
1270
1546
3812
1919
1771
6796
1337
811
1651
2243
686
2154
1244
2007
832
3143
2298
943
650
3541
1483
6384
2550
1679
3614
915
3325
1894
2866
1094
4087
5808
1545
1043
1875
1561
1079
807
6534
736
1557
1743
7523
4764
1612
1774
876
1173
1608
2149
1289
1528
1959
1929
1204
1042
1710
235
813
1230
692
2379
1277
2303
726
746
2131
2205
173
2398
2591
5130
1330
1424
3127
554
1237
537
680
1888
2498
430
509
547
1191
1173
1816
3171
3073
1438
1453
3686
7100
7943
1751
2003
2161
2462
997
4399
510
540
716
4044
1112
1307
1703
696
1705
1548
4165
1533
2271
634
396
1932
2164
6052
1141
761
614
3471
5559
1751
4310
406
697
1009
4030
1099
514
9263
2552
1212
3056
1170
1807
191
1203
577
2474
1111
1235
1827
1042
1630
7735
1731
6513
2197
1256
724
497
1650
897
2084
1502
432
2047
6196
1258
968
1887
565
935
5862
152
1550
401
1816
5113
324
9308
1249
976
614
603
4574
1198
1238
2140
1177
4924
727
1427
4484
6653
1441
537
5073
1519
1024
8079
2211
4563
294
2427
1271
817
1771
1883
591
840
523
973
559
274
839
1601
2492
4399
592
1471
1065
2739
3669
326
3812
1186
1485
464
5206
773
9210
749
676
503
3120
1223
2250
3068
896
2503
2092
1482
1704
1960
2056
2025
2419
4279
1865
2787
4162
2297
2040
535
1960
1547
1835
1762
550
3666
3117
842
1531
4170
2291
321
2141
977
1167
4593
552
522
282
3571
1565
4583
1114
2312
1623
782
300
6266
6051
1015
1005
1790
6370
5040
2110
482
2638
2218
3571
3928
1981
216
1040
925
2030
1047
2693
1402
1123
7392
2384
1407
1793
1531
1085
2366
2203
494
2038
168
453
910
194
1483
2028
1627
1300
459
311
1230
2598
714
2373
730
3266
1791
1084
189
208
2252
1401
1125
1103
6328
386
1362
8713
1344
1982
1810
1052
1988
4221
1024
1450
863
2226
1287
609
959
4004
3682
1272
896
1267
880
3687
6914
2871
8709
1754
1859
1351
434
1116
418
754
700
4970
831
924
519
3622
2637
3625
6092
2075
5244
679
810
315
9533
1939
1974
2296
1791
1101
1021
2955
3156
4156
1142
1088
385
6086
937
1630
1421
3392
5881
782
4907
1549
764
1317
1930
453
1746
1264
166
2355
1187
4945
4216
141
6956
4124
1682
1610
456
1242
1136
3615
1299
236
1482
3666
563
4029
2355
5439
1471
479
4761
912
1516
861
1582
3054
9686
2831
6446
1884
1787
584
4095
636
3348
6249
1638
1361
9549
4351
766
1106
2851
3937
1197
1959
479
1553
2083
543
310
1456
707
1320
1618
5000
1300
2634
7262
492
144
6220
228
1423
1028
1123
1137
306
1909
2612
7599
1806
782
177
679
1691
1039
579
4946
2245
432
2146
2247
2009
3388
992
6028
188
1967
5645
1683
6464
1372
5468
5989
3366
2140
1882
620
357
876
2357
2320
209
2126
1136
7776
1236
2549
3423
2734
1370
1291
3185
486
863
246
763
501
1023
2721
808
1945
2301
368
558
2137
6700
4068
2751
6181
6902
1172
326
1768
2593
3127
1497
1733
4030
1057
800
2904
6694
2255
4931
1014
3173
2337
7508
908
1619
474
4738
750
6622
8894
594
1483
373
354
323
3437
470
1094
1396
3106
2350
379
2816
3354
6326
1424
7587
519
2596
1900
5236
1648
4533
1303
1116
225
860
4048
758
6208
1576
1478
2121
1700
4925
8272
909
3178
3019
1489
1713
739
2772
1242
875
2083
3640
1213
834
204
2017
2852
806
1558
2546
1952
1272
794
2511
210
2383
7065
324
4030
706
2889
1488
1136
955
1574
2601
1318
1066
752
880
812
1006
4917
1939
3771
5391
808
950
1540
5248
875
8945
8278
737
5868
502
1600
2258
8334
2044
954
701
685
4201
3017
6277
2715
6031
1085
877
670
843
1666
2068
3558
1552
282
2980
1859
218
810
2193
7239
3922
255
617
1201
640
4104
1693
1333
596
1126
1075
3277
1582
470
366
5734
1162
9433
9210
2357
565
669
312
1687
2624
1070
165
952
771
1824
8052
3497
321
981
4316
1285
1781
1199
1473
972
3672
1614
6733
2049
717
2196
478
3583
3677
2554
936
780
1769
2486
3580
951
1203
718
448
832
453
1659
256
1640
1072
230
606
1061
2706
686
2866
720
1376
9757
2779
2071
2784
3337
3803
1667
5038
3829
1290
1091
486
1708
3481
1878
1693
3053
3002
7163
424
1286
1544
3418
2419
712
5470
2682
721
3912
1586
883
3134
750
997
7937
680
586
2470
4460
499
852
2474
345
318
581
4788
1202
1362
616
3244
3237
9394
1529
2705
1011
1919
1404
5499
234
2793
1039
1750
521
2459
1190
1124
3186
1467
8603
9945
5593
1864
232
888
552
3958
1157
752
2920
802
1247
579
371
1427
1431
3657
4001
1458
1971
4001
777
3325
3216
1398
113
1926
765
840
459
155
774
2144
2790
3170
868
665
2233
756
271
4486
1289
849
2694
1812
1595
641
1848
1065
1671
415
1057
614
2554
1578
1693
6469
974
3950
1949
962
1650
3756
3170
1847
2631
2222
3696
1607
2626
560
4786
2213
281
1641
1876
2630
862
6521
317
7129
2719
299
1070
3474
1971
765
1414
195
2525
982
192
2733
753
3180
569
1515
581
1386
2008
798
5293
6115
483
867
3864
1100
209
768
539
315
1157
2329
1687
1624
1318
7695
3718
3984
1323
541
5901
616
3240
663
1670
451
7230
1709
803
1795
3020
3363
425
2388
562
371
611
1582
1648
106
1022
672
1874
1340
1317
2087
970
849
1103
1268
475
863
7515
4668
1649
548
622
1022
3838
617
1669
1098
784
1662
1011
134
7464
959
2414
695
876
3762
1077
972
1953
455
2472
2908
2361
2951
854
1154
619
1337
2608
545
1307
1958
2299
2632
855
408
1691
2039
811
1367
3262
2952
2482
2729
2444
9673
1133
1199
485
1214
1742
1888
1657
924
1150
2783
435
505
354
5955
5055
1777
710
1430
1016
2260
1176
2894
1373
381
2496
4426
1151
2361
872
2213
5402
1585
522
1659
464
461
1351
783
2579
772
1790
3571
830
3061
917
390
215
711
3531
1911
1882
1242
1605
1240
1180
1150
3124
2962
1332
896
2744
1117
747
1051
319
1657
5601
2543
2360
1198
3603
1610
1436
2464
1932
663
3112
941
1798
792
7316
1062
2927
1107
502
1534
1470
208
3532
2065
1419
3345
1142
387
2946
1760
1248
901
342
6270
1020
2869
1849
523
2520
485
767
1927
1073
1932
1347
6493
1143
3057
686
2028
7632
810
340
1205
1247
4722
1878
2169
338
895
740
1114
1692
749
1441
1705
1958
409
453
2686
2018
1387
721
1009
382
4495
489
3528
1503
1108
1719
451
495
1739
3571
5537
1309
3016
8572
778
2301
7164
6152
852
1962
1275
772
1902
654
1166
963
251
1007
1167
352
918
774
314
2439
256
3105
2047
5726
2145
922
1140
3023
1156
618
792
2310
1050
218
719
2417
9587
4048
2359
4880
1365
1091
470
3403
3579
1280
494
3565
541
966
646
1904
1463
1649
1288
1009
712
1383
1421
9466
1463
4093
4115
917
1175
1781
4155
1064
1462
1138
394
1084
1866
542
1703
3589
1762
1588
1288
408
1727
497
632
2558
1414
1236
449
8572
1607
2090
6311
1846
575
270
1364
815
3357
5434
1953
1348
1884
1490
660
1555
1146
3759
3675
835
851
1861
3231
1039
3400
1154
3135
3125
4187
541
1241
3362
515
9957
1010
900
1208
766
1096
2501
548
852
1052
3248
664
1442
2451
1749
446
1402
634
1847
1930
1204
1519
1674
1027
843
5086
8904
836
645
1316
719
2192
1063
1673
1235
4511
1277
1041
560
3182
5440
163
6383
3511
1923
2266
1376
1808
290
567
1775
4666
1209
3692
3044
892
530
899
208
203
596
1207
740
3174
1662
780
1482
1162
1194
2365
8322
309
4491
4710
1009
567
1532
1037
1807
626
131
266
531
2749
945
836
2976
1856
2587
678
555
1690
639
1452
1304
2925
3653
186
4899
792
947
664
1152
1411
1494
2147
1801
1837
3527
1232
2038
1913
465
846
222
621
2162
2026
2667
1701
5289
141
1876
1546
701
568
1443
7102
1951
243
1173
1211
696
1636
1092
735
470
1997
571
461
1747
2936
916
1113
1069
962
783
645
1209
7170
489
721
846
400
1531
2478
973
2675
1129
703
535
894
1001
1631
5254
675
1879
1262
1367
453
2961
964
2477
2377
3601
8654
304
4386
395
325
1697
770
375
954
279
1132
904
2836
1835
2680
2618
654
1179
1287
5083
4438
2442
2534
419
1730
1054
1992
2037
1608
602
1130
771
6605
1369
1126
782
915
468
6868
2516
1046
1568
1623
1036
1848
1698
1687
1254
551
699
936
798
1202
483
1527
2975
2125
1071
822
912
341
9268
3216
2101
5769
649
1169
108
4233
363
3647
403
2022
2514
1766
4491
532
1669
1686
932
3773
2633
1162
345
1612
618
3020
1436
561
2240
1550
992
1852
871
981
514
2280
3356
507
4209
3459
5167
328
397
926
168
1487
661
3827
1655
254
1182
272
5424
1321
923
848
2065
2076
732
2162
6019
3627
778
1235
3579
840
2205
1100
7083
2316
3585
1266
3033
874
1168
1423
805
1048
1433
1246
1151
753
4002
2225
851
1085
813
3419
751
745
1292
9213
435
3022
1186
2168
232
2093
342
871
1198
6348
831
6202
988
1050
479
6676
182
865
2215
4799
1293
1150
1652
629
629
6011
1006
2535
8696
1027
3540
4932
7604
6395
3910
162
3484
984
5443
3432
198
1279
4112
481
6915
1005
5905
1567
3894
6789
1589
5022
3399
2449
3487
4134
955
440
1670
1418
1260
984
1754
1433
2621
1876
516
1127
1491
388
2462
1376
330
390
497
371
1976
1588
525
2600
1119
3147
2292
1007
3298
4047
1317
1587
3088
1454
956
598
506
1686
2545
1410
157
1746
363
1437
2664
5237
196
847
1420
866
1207
6064
407
1060
1667
980
2866
1030
1253
586
2137
1181
1050
522
4006
707
1155
1560
351
4227
5632
1228
413
902
1605
2303
943
434
1752
1530
1135
1127
3527
1566
849
2938
115
2941
832
328
1899
158
913
1620
3140
1477
2791
1090
1242
4061
581
5525
960
3851
611
1277
577
3154
703
220
697
1381
766
2165
183
658
950
1269
1012
949
592
540
1773
177
1863
3119
1438
7802
678
1217
1853
5566
1511
980
649
2432
653
2120
622
849
1490
1433
854
3955
1943
428
2241
9420
725
1172
2059
1153
1270
747
723
1012
5695
1225
548
622
2692
1377
312
893
1261
241
779
1165
1311
1304
744
1324
932
683
573
1037
1042
4293
1653
354
1726
780
1707
4778
1281
3692
1378
904
4869
3659
2115
4165
3012
6617
5647
2218
2070
4221
1012
2846
2431
241
2800
2549
2645
660
3144
1222
2306
1689
1499
530
1444
3680
1722
2095
902
1672
630
593
1026
718
1824
1399
806
1014
1303
356
1193
808
6637
2486
596
1369
3120
952
596
741
822
4059
837
945
440
239
1912
305
1455
878
700
1473
773
1033
7452
677
746
1536
1676
623
1391
1175
1911
3548
4415
2613
1758
1131
2916
669
2349
335
2015
1436
821
2017
1327
858
5616
1093
3226
1977
1083
339
722
237
6005
3522
1558
947
1445
1846
2198
8686
763
1369
1761
803
1080
715
1376
1156
4140
2071
1473
389
324
1280
1613
5250
2713
2195
481
757
3075
579
1138
546
851
1717
1165
451
974
772
1701
1631
1701
644
2333
3316
2292
2555
1485
6917
2504
1457
1744
1010
479
475
2024
739
1439
1109
4536
4964
514
320
2399
1980
1242
559
242
1510
4840
1348
889
1754
550
528
597
1612
1064
198
846
1227
719
3261
239
3532
1047
230
1900
744
8176
4190
416
860
3176
729
1056
1611
1378
8813
2236
1513
1696
1851
1096
1030
513
1402
1411
5612
1060
9654
1035
1507
551
903
474
2075
1261
958
1248
2196
2601
999
730
1267
1443
4838
1638
601
2454
1571
1002
1204
1396
1066
1519
674
1468
697
2922
1673
6057
4761
727
801
2290
7669
1638
728
1329
418
6110
1078
1938
2930
2412
585
1546
2141
1041
4217
2557
440
1405
1770
1687
992
374
1052
207
2340
2417
2327
2632
3385
7701
2877
639
975
1563
3476
7374
1157
568
1612
1211
2216
1459
4154
340
674
1944
568
7930
1056
7212
620
1595
1398
2260
248
3463
563
1189
4246
1383
397
1133
1036
938
1003
3019
4839
766
1413
259
670
408
1455
534
1162
1071
1992
1192
882
2618
2513
1152
2793
1945
1872
4274
741
1258
717
839
2229
1640
1850
1906
2646
1271
564
2314
6977
1994
3261
1961
1203
2124
2358
862
4996
858
2949
3154
1150
1952
1243
4645
585
985
3802
1627
573
2250
1270
5402
955
651
531
917
1254
1176
5584
5373
254
113
918
2277
1264
766
1449
1939
493
1058
877
859
1340
4352
936
7176
314
1490
1080
991
1646
1160
3503
189
4371
6036
1145
820
1098
1306
1454
750
1042
942
2804
809
6676
585
354
1644
1976
1482
580
1112
4239
442
3495
4411
2973
4580
3711
580
2192
2084
1150
1546
1939
4709
842
772
1407
5436
5211
267
672
747
951
3790
1093
3220
3043
3222
2697
3724
1388
2663
2789
505
1409
898
1035
1985
1426
1268
1225
422
4236
1773
4497
1182
4715
2875
4979
2522
2409
1215
2171
2425
6803
1194
1248
7695
1043
4767
568
1239
647
1732
2007
5341
675
2832
5115
189
1312
1112
1344
1878
540
800
794
1442
827
1163
1082
721
936
1743
1548
2874
1294
1568
1423
2363
2501
2737
309
7206
2017
1512
1507
1436
2731
2393
2370
1048
828
649
1002
765
2135
939
1096
3426
2224
1820
896
291
402
612
731
303
945
3216
1706
604
1841
3932
861
9301
1154
3320
928
1618
2101
3027
2613
2160
1611
436
712
566
824
2270
1201
1023
1256
1156
1418
4207
494
1945
2275
4433
3206
632
3907
4090
557
1030
3117
590
781
1524
3459
1444
634
3322
3156
1000
3704
119
530
1830
2548
1441
1049
1000
901
2223
1606
2204
160
1080
2634
484
342
494
745
1242
627
1452
4310
1694
1226
513
1088
1654
2181
1216
357
1332
1065
1656
934
1537
1650
1267
535
1299
1744
1246
1841
4509
577
5225
1280
551
1112
1111
1151
5305
2292
1264
1612
549
3029
852
3572
2166
777
2038
5894
3654
850
2048
1933
718
863
2482
868
1005
4855
3874
6935
2759
263
1896
360
1264
1067
630
882
2394
3532
1268
1719
885
1088
595
925
1065
956
978
1983
1641
1543
2338
1925
1806
847
2653
1503
794
5875
6628
7055
1649
7590
580
1649
1316
1534
2603
2741
838
344
2819
4661
438
2095
1230
731
709
2351
1144
1877
3318
1382
3645
5968
2158
2394
561
659
664
569
905
4095
2363
1821
942
3402
1636
4048
6838
1327
1465
1422
1124
2552
240
566
1552
2634
1479
481
1971
2445
2058
503
1659
744
916
2552
9519
1031
5087
1542
2133
282
4838
730
252
1848
1458
4134
1696
5159
579
1119
2273
569
8398
668
1711
644
210
2417
2182
1011
5471
1371
3669
2149
5822
510
9426
1562
658
3895
3677
529
1673
2925
369
3558
2568
409
1464
1744
1028
3373
693
953
838
967
3910
503
2675
5696
1120
2509
4120
1509
215
920
2119
489
115
7095
1062
417
2228
1809
873
176
623
925
489
7143
2462
6405
1015
1494
3099
986
1646
6541
1359
7022
362
1280
2216
1568
549
1053
1924
1907
455
2075
4758
819
3589
2383
3812
904
2260
1592
1136
2514
1272
462
1220
1223
1393
334
7497
4253
3878
6888
520
1187
541
1135
1768
3668
446
1048
1595
397
552
1033
866
1492
4499
1398
1340
3553
1114
2062
616
2154
954
1948
1536
2046
2692
1381
9468
3838
1315
757
1888
647
601
553
521
981
1102
838
3223
351
2053
1267
1084
858
1953
6969
1664
6946
945
1056
875
585
7206
471
878
484
9002
1910
433
705
1190
2382
1941
672
3903
1970
493
954
879
4706
2042
770
731
1925
355
1857
427
1421
251
2019
1805
1422
1994
1196
1800
2111
2219
1000
1408
795
2964
2688
1151
3322
1033
2355
3404
1243
423
1970
806
2751
1057
732
2282
2741
2765
514
503
185
1248
2585
2301
2638
3641
1661
2463
381
1840
209
946
2853
771
791
1785
2857
2321
929
1386
2992
841
2647
646
1218
970
1280
8542
1159
488
1607
1657
2541
2928
1845
2818
1436
819
1338
172
758
769
1607
549
1035
4063
1761
1394
2832
1435
308
1575
1739
1901
777
877
8101
2758
2097
2374
1099
1214
1085
1339
998
2526
1960
1304
565
3106
3128
182
1067
925
1876
3687
1590
1733
1439
3816
2619
4386
1576
462
1526
722
958
3903
1098
6089
928
663
1755
669
1276
4645
4328
890
1639
494
1795
928
1716
2553
1302
1042
557
2441
1621
1152
420
637
241
3956
751
1053
1185
1678
1138
1593
1949
1742
519
5298
1336
418
458
1929
1751
582
3510
4820
1123
3901
941
5402
3123
927
9991
4246
5887
1482
3302
1134
1511
909
546
105
708
756
3387
528
1883
174
1180
2848
865
846
329
233
650
3052
643
2877
2433
3364
289
728
505
7220
2940
1383
779
672
2007
1306
2106
596
591
2090
923
9985
743
5087
2073
1174
934
2005
727
7269
1881
2793
239
2665
8695
964
5175
793
2767
2423
941
720
1474
999
1311
525
3488
1259
706
1435
8737
806
4636
3675
1629
4205
1642
492
950
2397
641
4723
2177
3391
7253
526
846
4098
8261
3330
2780
591
1327
1997
3203
5093
1525
1158
3405
1586
560
1503
1840
3406
668
688
2763
1302
965
1210
1317
1826
532
379
1460
1910
4197
2209
1082
1558
1355
2213
1103
4656
361
2172
1021
6220
693
731
793
372
2474
1170
2088
6171
1106
3484
1131
1662
543
6763
244
743
320
420
1946
773
578
2267
572
1371
3126
585
1809
1169
1030
799
1124
1021
2117
459
1656
278
2550
750
2558
4134
482
3551
1202
4157
1880
773
2546
1242
149
753
610
908
288
1667
3710
708
2126
2706
3555
4491
6732
1149
859
3368
4603
1884
1849
4951
1777
1814
7266
1005
8141
601
348
574
1723
1071
609
1791
4256
500
2321
1125
650
911
1436
972
2026
9566
544
398
3059
1568
1827
1482
4936
2186
6078
930
1572
5067
236
2677
423
1781
4278
1638
1711
1325
3332
3174
1273
1508
1829
474
4850
3756
3763
2016
1704
1221
2748
800
1946
240
1185
2238
1089
3955
403
889
463
1437
1390
1091
804
1990
821
1279
5325
538
2378
894
2525
1169
1325
2516
2837
678
943
1113
263
872
1519
631
9578
3403
6152
172
1295
194
1106
2440
1517
842
662
2412
5682
3640
3876
615
8320
803
6774
504
3567
1732
2482
2009
3040
681
744
2234
940
2330
761
863
914
498
3688
947
228
1772
4401
1219
1375
1269
5260
2121
7573
789
607
713
438
2075
470
1859
3514
1554
1259
733
3649
4746
1303
874
484
167
4013
1446
1624
2167
2222
1254
2257
680
1097
1203
1805
750
2184
828
265
1494
2976
1104
466
606
1113
4649
7111
5035
589
1029
999
3935
1169
2041
319
229
1571
3699
6277
2836
704
1431
948
1873
645
1974
922
2981
938
3037
4016
1140
1509
1103
2258
2196
5172
467
1209
2045
949
1376
2378
220
749
2285
2828
856
1008
2507
1499
475
488
1292
2666
668
4488
4396
5431
2222
4373
3730
890
5186
450
6798
3796
536
4979
2321
1141
661
1283
1062
116
705
3298
2545
9436
1411
1954
1138
959
1484
437
2968
558
837
1464
3387
1454
1234
293
1267
997
448
3344
2805
1228
4809
3844
1277
543
1284
1477
4043
2505
664
1151
1082
5808
2685
3042
366
6162
2717
559
1612
170
644
714
1595
7969
3174
2594
7106
8958
789
4247
303
3079
785
364
956
2614
805
541
2553
1246
647
1054
5727
2215
921
611
1612
3927
3937
819
1625
745
1457
1389
1489
3943
4197
5561
7928
1263
668
3040
509
5645
1209
1254
1067
1048
2294
673
5680
3312
8626
1226
3961
1088
1092
192
142
735
1950
1108
2971
3583
292
2784
3511
1533
1041
2854
3784
841
6294
2714
1895
455
1151
1554
1086
1824
1030
1535
2360
374
534
171
297
9944
2005
1905
2393
1946
1281
434
1456
377
509
1847
2519
782
653
279
228
1397
1066
5879
316
6910
5095
1933
176
563
1908
3845
624
922
730
645
890
3293
2364
541
1214
1868
3858
522
911
1013
4417
1706
1066
1772
613
2074
651
1190
4867
1053
8537
1708
1099
1314
1354
1667
706
2909
1155
327
2427
1623
2264
415
408
808
4121
1589
1002
1261
1243
1023
1775
2316
797
1658
2228
1590
4101
175
5283
487
1092
1604
252
3308
987
547
990
671
356
1400
352
547
1666
404
1019
241
964
1626
5964
1804
1073
525
1052
791
1129
8435
2061
1387
847
1014
3396
734
2063
1845
339
977
445
1572
311
592
1450
5948
543
1918
923
500
1052
870
1340
2754
2721
696
109
898
1678
1500
1085
3165
255
5210
1852
1104
1199
1367
412
3133
1106
1515
1873
534
1549
721
1583
5245
5073
1065
1862
624
2265
3227
2497
1037
1319
5360
4240
4658
140
1106
1193
728
212
2924
1048
7553
3397
1416
1028
1044
944
6186
855
1323
1171
528
1587
985
3569
3053
1112
7322
767
2226
1909
975
910
408
5450
4257
1804
956
1283
917
1918
852
1005
2094
264
2243
3972
494
1518
2357
3149
945
1494
657
1451
1040
1063
726
1436
6692
1400
1597
237
2870
6295
1716
3878
1754
851
3516
1569
3340
3758
2433
2367
1279
1104
2655
2921
5241
4386
501
381
1827
518
1717
1395
2484
1179
2112
650
1693
2197
2888
512
1100
155
946
1283
709
6641
466
1578
1006
461
5223
566
5957
1170
220
698
2153
875
1039
1163
569
1514
1438
414
1185
408
1906
912
2716
1119
733
1770
2460
169
4735
7804
3736
1313
629
4085
1566
2047
1544
789
999
1400
1563
2363
224
1850
2310
802
2855
1134
1685
488
486
1239
3852
3144
1059
5294
1161
1237
7103
866
1496
635
5542
4670
1358
246
1444
1627
1360
3305
1543
1585
1957
7142
5600
4248
561
741
1374
938
3254
1525
638
856
948
884
1435
1658
524
1025
1787
477
1500
2996
1773
3261
4544
969
1771
1309
2099
598
1315
618
1073
466
1572
1623
340
5076
1314
1455
1727
2982
1136
1634
241
788
671
646
1381
4159
2863
201
8366
266
514
826
2460
448
827
927
1407
1895
4531
994
4576
811
4885
2000
1984
390
858
2588
1519
1844
188
2017
1066
2639
2438
1399
586
8596
2444
3170
829
2304
1089
6131
7786
800
1284
587
1670
1189
3892
932
4361
3550
1030
7907
3118
1264
1939
964
345
1604
702
1404
1297
1798
1795
2024
1135
1162
394
1175
1333
8804
3120
1852
1062
328
1425
2116
8510
721
1420
3126
1017
2111
1356
2355
1027
1394
984
1245
2246
1716
787
408
2458
3833
3568
3514
503
784
8078
389
460
460
2380
2122
572
2395
1894
7370
1329
1250
1645
9504
589
3306
481
3353
1644
177
4863
728
7745
2632
2114
1211
1791
2339
6381
843
966
1071
6370
921
1512
937
1661
364
1259
850
1068
1166
2476
762
296
1266
1240
1684
807
495
195
3979
7460
859
3655
1758
4141
7274
1772
7323
1043
7816
1186
651
4054
1953
1960
167
1762
2423
2029
1801
258
2697
1345
2103
6423
2963
107
4634
478
734
475
1282
3420
886
1779
588
5418
1152
336
981
2216
467
410
807
561
4250
1047
5794
2080
1432
367
2360
1910
1963
312
6426
1411
2983
598
1877
1202
1069
2182
956
938
1511
3877
576
285
1146
2355
840
1236
701
1066
2458
1034
5009
187
1128
1155
873
2683
484
2053
1107
1554
847
3950
4302
1079
1259
2110
2798
3951
3745
5288
4466
8382
4775
758
606
164
1498
2734
4531
2389
3612
913
2001
806
2671
1635
602
713
1132
4458
6984
1601
1423
1531
1289
1351
922
1338
160
1944
9070
1101
1214
1898
1614
1512
2233
1430
687
1239
1527
992
4713
935
1865
1352
486
2433
648
5391
1501
4453
1522
992
688
4258
1472
495
1063
334
7897
1347
555
159
1191
2597
1512
2553
860
1478
669
846
1710
998
3111
2700
1403
6109
2872
375
5362
6947
508
1262
408
5967
1071
2016
2083
3162
1212
986
246
5590
4963
1318
1771
684
4543
960
3315
1878
1935
2345
3386
1312
4763
401
1357
799
1167
4002
649
1092
144
1543
180
583
1800
347
1105
1737
3045
3571
618
8119
1950
125
4024
2211
646
1603
900
1781
455
2001
1817
147
3388
3559
1592
3166
632
1581
1370
376
3505
4798
3454
6001
5134
664
1222
1739
2676
322
2337
369
1378
1606
1013
426
6999
601
364
399
1353
889
3984
1484
1164
777
1036
459
178
684
882
654
1492
3554
4201
378
2853
3940
407
1425
732
1539
303
280
2767
1936
3985
1057
2691
2224
904
1028
536
1092
2671
790
1069
1552
1107
2814
6241
1043
1201
1803
873
1802
631
369
271
794
1126
785
6076
964
640
2848
986
1879
1011
1593
1869
1218
1059
1582
1897
2173
1471
1380
1771
1133
547
1139
6004
1207
3853
1157
651
931
4830
7604
8958
492
399
2683
1675
829
1000
8578
2781
286
574
3216
1026
2058
2678
2723
549
4602
1133
2009
5975
3818
414
951
266
1352
2951
490
753
372
402
4824
810
1202
1317
5980
1041
1093
609
655
589
313
1871
4168
3085
3024
421
3374
3772
1154
1622
1502
3530
3255
312
3802
897
2387
724
1919
725
2592
947
4560
131
680
516
1267
1592
1187
2292
121
2766
4294
499
1718
281
900
2901
1979
1134
1330
4861
537
1401
1226
2334
2548
7415
3509
2373
719
4087
918
3616
518
459
2146
2364
515
736
2716
1365
770
4478
9111
5649
832
3555
3159
1054
1001
3675
3678
3782
6516
9984
4642
322
4528
1823
2234
848
992
1603
6917
492
1987
856
928
910
4745
1947
994
1768
802
1509
1533
883
551
427
176
2634
703
832
7316
729
754
1648
4476
6795
756
3402
4174
538
1838
1408
270
2850
2470
1705
399
2209
1886
468
824
8571
2371
1726
1159
1602
905
3495
929
2094
8173
781
2538
931
2148
625
633
2331
523
6535
860
1407
2725
1144
615
367
640
1378
1539
592
2102
1882
374
1187
1035
1221
3940
612
978
992
2087
1537
555
2872
2233
1951
3544
3362
1149
1481
7992
3200
2688
773
1503
2029
1319
582
1024
1523
3434
2828
323
1566
933
1612
678
851
1529
3374
1974
539
283
274
805
1067
1724
2981
826
645
1973
833
1250
322
1443
2759
1299
772
865
742
562
1405
622
3020
517
616
900
452
991
1207
1904
3590
1410
454
1243
2781
3140
321
1690
657
1401
919
1006
8667
1196
3071
924
4667
794
1222
698
901
720
548
2790
736
7531
4686
2250
7962
5152
905
608
4814
9863
683
1593
782
2917
1121
4234
924
1096
819
922
686
3788
2815
757
1798
1572
1373
2294
729
1163
1772
989
2824
2354
3614
805
1389
817
5806
1123
3776
2526
333
2749
350
2843
389
3064
6559
2855
1120
292
333
1363
969
1740
860
476
1967
5600
1292
1003
469
749
812
2002
601
106
2606
466
1391
3985
3474
8597
1253
2969
313
687
305
1455
4521
922
1075
5014
309
773
1957
1903
907
1140
2269
2478
5568
144
2393
5455
748
3956
1639
3121
3689
2313
3940
3708
4249
848
2179
1144
1159
1482
2428
7743
3851
1194
1896
2614
295
1600
895
7253
2246
1696
350
2368
1348
382
1638
2264
1751
624
1484
1596
385
2301
1424
189
3298
3176
5666
2081
2344
531
3427
1728
1157
740
3780
3541
819
468
270
4774
330
1562
5274
327
4782
1506
1628
239
1060
1767
551
476
1426
2350
1555
878
1657
1079
850
525
648
641
1475
8521
1454
2607
4056
724
4843
700
922
5180
753
2266
3243
1597
1063
1670
1040
2958
908
3274
682
1200
387
1175
1592
2449
995
619
126
3267
725
5443
472
424
890
557
2611
726
3683
4052
1085
4395
3201
2704
632
1717
1614
4796
3328
753
3057
149
879
1146
563
999
257
376
988
1036
1752
853
1077
1406
3269
2218
1763
3839
5486
1792
484
620
565
1799
1113
527
2007
1538
2506
4348
1029
2122
1449
720
522
1581
2619
1122
8034
5096
3295
4875
6421
1517
2380
2087
205
2005
1701
2114
1624
1944
515
290
1819
320
1045
565
2172
1430
9770
628
1341
823
497
2778
1581
1943
618
796
1150
631
1013
999
758
2272
1332
955
1367
2814
3985
6849
1323
1589
2810
3334
3019
2075
1280
3525
606
3392
1452
3928
708
2034
1139
1338
5634
2516
1414
959
1131
2005
2273
2472
2389
299
1309
1819
1299
3106
207
4265
1878
1331
790
246
826
602
273
4648
738
3098
1623
5717
1031
1721
2664
288
1238
1512
568
1565
1522
3641
587
1897
576
1894
1010
1348
1996
214
1339
2699
1032
680
4143
982
3882
1640
1392
363
3323
4158
2585
207
299
2126
1972
2025
5221
2459
983
743
1172
1004
780
976
6485
6158
1365
7412
972
5393
1303
464
1574
3847
4047
1521
1265
3075
2137
729
1748
2204
4556
2281
2723
1884
497
928
1873
713
310
954
1109
221
435
521
1718
4700
1727
789
159
202
1939
141
3516
483
505
1877
701
622
4550
1422
1655
7362
951
822
8879
3784
9815
7970
816
8749
372
3107
1408
1032
325
489
1013
628
394
1302
4753
1471
1739
8808
4926
1820
619
3527
665
1991
1464
1632
3474
3190
1683
245
438
2221
694
300
1897
7476
1870
5538
1520
1883
618
242
3304
1845
1034
154
1140
1139
2845
4809
4124
1489
1012
787
3211
1119
1061
1829
1779
931
2343
1167
2330
3419
8166
2224
1429
967
1772
1585
4366
1492
1948
1243
1589
4325
1169
1648
874
1680
3261
1140
406
702
247
3543
562
381
2461
4720
1348
1574
585
2202
2425
1003
1108
588
1734
384
7735
511
5995
1073
422
900
3821
412
2020
797
3145
2149
1124
784
9531
1357
855
1062
746
652
1387
357
6373
3795
3274
3254
1362
669
1185
812
2182
335
1459
1449
1191
582
613
961
135
1189
900
918
1007
785
1964
3990
606
1016
8450
2955
219
1448
5776
2271
5962
1488
3498
1009
885
1615
2782
2268
1099
1305
715
5249
5126
902
729
5718
2440
4829
1072
2368
8220
965
665
802
2228
592
1482
1517
516
6634
995
1212
327
503
441
3023
753
467
218
1971
561
1841
983
1095
3286
3111
1871
464
446
2582
2978
1540
586
5308
589
1600
1059
2309
1278
2745
780
872
231
1900
1209
812
2257
2731
1634
1460
459
1123
1739
3312
6751
2948
213
1503
2440
1427
1382
2511
2106
1453
1616
6889
1177
629
557
1467
2704
2040
2843
867
9320
2800
6060
720
1012
1282
1657
1351
234
916
1868
1889
727
1448
6130
1122
6935
1815
2750
781
923
2104
489
556
9231
3898
1575
1489
3492
1959
1258
456
2517
854
6619
929
391
774
1203
2396
1711
6101
4281
7155
2157
418
887
3848
2707
2002
508
1617
527
438
750
241
957
867
731
459
7845
1250
1196
710
850
910
1448
1788
2979
2474
8477
674
180
1001
486
1253
1009
508
992
452
2275
4301
2700
3207
3089
3564
950
5113
2411
3373
5795
1124
7194
361
536
966
1220
1469
2574
523
389
6172
1276
1190
8688
1801
527
6421
4776
2416
1097
3791
3168
5352
4728
2628
2632
2539
408
2077
5881
4892
5532
1124
592
5156
5521
4461
1637
7526
2310
1001
962
2074
4146
8619
3989
387
1282
882
1229
603
1154
4829
922
404
3535
1338
5382
1444
3300
345
1387
1849
1151
2183
439
1120
927
466
959
341
2827
421
523
555
931
1734
2551
1567
4864
1028
990
1574
1222
655
1800
2343
300
3005
687
738
4806
3329
1455
1527
1292
2149
426
2514
2059
1708
3976
1194
6106
532
648
655
2394
2969
844
2711
3540
466
5569
750
2593
8301
2304
623
3648
483
376
1445
3104
1339
875
661
1187
597
1016
7238
5341
540
287
878
700
1255
4051
564
2043
163
9994
4741
5581
1991
1694
1826
2066
550
725
4569
1072
6623
1007
2086
1457
2980
1492
926
1080
2572
623
314
1625
549
430
900
615
1325
971
957
770
6985
348
3342
1223
1639
914
1253
966
1173
926
2097
1446
1009
1235
284
2014
1173
317
8439
2570
2174
5867
6278
544
2960
3403
2517
955
8517
1824
400
1165
844
758
731
3302
204
2086
2941
1254
1958
1553
1426
3670
1409
1202
813
1255
529
1759
1487
634
1017
2063
658
1081
688
1937
5111
814
1392
4499
599
9388
1274
647
5998
1162
2687
2549
1817
4354
1655
6245
2680
1697
2802
984
1617
942
2606
2641
3851
2123
1504
1139
1204
2019
1543
668
497
2476
1192
2724
1101
5097
8007
5746
2597
2657
1726
836
1024
1754
2813
1170
987
5843
4679
2545
3545
3940
3531
3163
306
4156
2205
530
153
600
1547
1449
535
6708
2125
2352
1978
4147
1346
1426
3621
353
1005
1024
1866
4202
458
5590
487
1813
1273
661
2983
2384
1189
1884
1482
1391
1636
1539
1918
8098
356
3760
7554
2497
1386
1955
5506
2468
201
2747
1714
635
1604
2267
1415
3331
1269
6750
564
655
1019
2580
990
3913
562
293
1427
1640
2843
3355
1647
1513
547
660
1022
1610
270
145
4101
278
3603
1009
972
2013
3021
1370
2657
1071
1063
767
1501
1397
1651
2954
1087
1980
522
1685
7460
734
2432
1262
1793
3609
921
1206
687
2461
838
332
5820
1422
1186
1903
1348
956
1433
662
1036
6666
5270
564
177
883
1567
589
692
5270
2382
7948
1714
1247
1626
1018
2033
346
4992
688
1067
1070
618
503
965
3429
9274
1556
2118
5955
263
951
4591
3516
476
9020
1806
617
1142
3763
1354
4215
1014
8057
1068
1132
604
142
591
1899
3424
126
5962
625
765
2508
1844
1705
285
2750
7905
663
6562
1118
544
1187
2840
598
1263
717
1878
1659
114
869
184
1526
1082
745
992
721
2299
950
3632
1358
1559
680
8144
1558
3154
1913
780
1505
2399
2250
1649
1805
1338
545
2780
8273
4465
2436
252
923
829
1798
841
1194
1083
502
1489
4341
318
2633
1837
1625
307
666
426
330
3145
343
2189
1885
822
2997
739
1439
3337
4503
1448
1005
185
278
1717
1774
1418
5448
4141
662
918
532
1127
1360
2168
1075
1953
919
2321
1368
1593
918
150
1852
1969
914
2294
2106
4558
2242
961
1251
5123
4386
1075
2388
549
2269
661
2302
1636
1359
993
1709
169
1460
4226
3114
3033
859
3069
2048
1446
475
3205
2159
378
675
1445
6609
839
1852
1759
1505
1363
1068
907
6553
1270
1759
2375
4579
4668
492
1182
8658
1324
1182
1897
726
1128
789
356
877
3762
1522
2313
1569
1119
563
1879
1286
805
1491
5395
2811
973
2560
3732
1286
2444
147
1785
1061
398
1288
1259
143
1196
1826
766
2483
650
581
709
979
2005
1091
824
757
2532
907
1332
1273
430
1889
512
538
4329
320
1895
1524
3961
1099
294
1726
199
1111
580
2563
3554
1987
797
1856
745
1440
242
1092
2263
467
1990
1371
1205
1413
1339
885
1132
8412
598
1270
1131
805
1319
625
1874
1429
744
1654
1097
336
810
1094
3437
2362
930
467
3554
1909
101
692
3476
2516
686
1515
1703
5269
1542
2147
2040
2151
687
2569
1291
2700
1600
1747
1592
154
3719
1615
304
3520
1330
944
351
655
205
1019
2199
392
5978
1522
846
1004
4119
872
1155
787
2645
2219
8227
1464
660
1274
1286
1260
877
2609
6934
1496
856
1160
1571
4325
1954
1009
1879
940
1165
3877
284
2775
9688
2775
432
3799
4644
3452
1340
1767
2134
1046
1509
8986
551
1893
761
5992
1206
8898
8015
4476
1792
694
1838
4581
344
3492
1555
3685
1698
497
934
2816
1147
3787
1388
1993
2057
1407
1949
1306
3742
2417
1213
913
790
481
759
144
536
1784
1520
1499
2428
4086
3008
5031
1945
1931
3215
945
3729
1017
1310
652
8675
979
910
1021
1405
1078
364
1768
629
877
1581
5030
1862
1804
1040
1558
1944
470
492
1092
3590
661
910
1561
872
1018
358
1334
991
499
1850
961
1218
511
8518
1644
3974
1191
8251
1239
4868
1548
446
1942
921
1001
231
1150
764
2287
523
794
1113
3343
3338
1837
662
1720
1103
3522
1234
881
430
2477
549
972
3511
496
1017
2207
4712
1390
1956
5663
668
6780
3074
247
3677
2312
2196
3394
2081
3990
1863
641
741
1315
1129
329
841
1159
997
1055
407
922
987
2154
3379
5470
1303
1058
712
4046
2070
1804
1075
1489
431
689
1105
1733
5436
1243
307
406
767
7296
1013
1543
554
656
119
1407
6255
3887
1476
461
503
3591
6049
1104
2155
1884
3984
4003
2118
169
792
1137
329
918
7513
1977
3001
3865
1207
1773
350
554
3076
1113
1026
1166
1071
1621
1764
2262
4266
530
1202
700
865
358
1566
1030
2202
4618
924
266
5113
1037
1349
1573
741
1448
5585
7748
396
828
3354
1105
1324
590
233
527
1824
4131
503
1281
5134
1939
2433
743
9405
1424
5063
1592
2023
1368
1127
5350
1042
2458
1126
643
9947
3042
138
883
1604
508
1201
314
359
1196
1691
1647
632
1046
4329
1127
259
1489
5135
1432
3073
558
3417
576
485
1395
3380
1029
1015
5932
306
732
2909
464
568
2242
1664
3378
456
3709
969
1940
1484
940
673
1499
834
823
504
1166
378
2580
901
477
900
149
2805
2156
544
1440
1194
2723
2889
1191
1081
461
1515
2074
989
1739
1287
613
2992
211
1127
919
378
1402
2173
990
960
2334
2350
444
918
