9888
29768
2342
17231
28740
6946
10034
7783
10857
205
118
1846
2179
2977
2765
6796
10556
4848
4405
10488
4491
5280
8500
2093
11810
7330
9147
15172
6008
11050
990
2886
624
1137
1272
2364
28047
1325
795
1213
635
2506
4355
15161
464
7607
755
1916
1254
12243
10355
1793
2190
5464
8113
4247
10103
3370
1919
3095
2843
8637
11539
9777
6081
18102
10949
5555
7288
8547
9182
8768
7312
7920
1279
4595
3359
3386
7601
2868
3461
10086
4957
8062
6262
5372
5400
4731
2061
7777
575
401
342
1015
425
472
353
484
242
384
460
199
5410
305
376
298
213
196
211
189
255
570
267
698
629
624
301
933
982
543
1333
1470
2522
1326
455
500
963
625
668
1304
2851
2155
753
652
564
502
957
411
6810
1519
369
5511
3990
2646
4435
5029
1990
2212
4319
6509
6029
5481
4966
7256
3748
3755
2190
1746
1387
13537
3013
541
711
892
7347
3837
6871
6147
4578
3664
2224
471
295
259
144
509
980
1431
190
253
595
1450
8943
1379
1853
797
3451
2715
3779
5433
7282
2756
2455
2780
908
2407
2376
1625
5071
3921
2532
2174
6733
896
2578
953
2919
2407
7221
1413
6728
4714
4366
1165
2580
542
853
6426
4447
6688
4708
1838
2487
2169
13094
4275
1326
729
2239
6423
5030
4543
5892
4929
6196
2447
4383
4609
5797
3238
1241
3738
5100
5113
1169
724
799
1128
2723
3472
1639
1528
1377
1228
686
1469
1976
577
122
1336
1119
306
363
579
5787
1821
1156
822
821
1162
1336
1601
1196
1212
1484
1540
1028
1295
1245
5681
1529
546
4453
2091
1235
1480
1820
934
1642
2572
698
718
894
1385
2954
4258
1480
756
1765
1538
1491
2913
369
227
551
2716
2982
1381
1674
1445
1002
976
1250
964
817
1640
1685
392
1528
1218
641
733
495
1536
1527
887
2407
1505
943
1885
385
995
1811
902
699
1321
2083
1002
613
1260
766
2484
1124
1301
1022
861
1025
838
903
593
1949
447
724
1163
1013
1887
688
300
639
950
659
591
499
971
686
5062
626
572
1786
685
1010
841
540
2978
1333
2976
1260
1687
742
2536
1414
699
1534
1546
1094
1682
1315
489
576
355
343
1262
4764
6492
5123
1115
907
600
436
1753
1224
2041
665
699
451
585
556
1159
1246
2344
1756
815
4839
1255
2049
2235
650
664
359
1778
1047
1357
1628
1173
1981
3015
1023
197
2399
6415
530
1493
1791
419
1502
805
1407
1167
401
1908
2423
1540
860
1861
315
8001
1137
259
1638
914
1282
1548
919
720
895
845
587
997
554
744
887
220
935
883
971
1932
1722
1369
1331
565
678
550
1049
1962
2198
283
1032
2526
1868
1978
440
1184
890
1559
2024
1910
2610
1119
513
511
2628
3240
1839
1604
1313
1978
945
2316
958
183
1192
1391
707
884
1058
864
1028
1061
1412
673
376
923
893
841
896
1740
839
903
152
4574
975
1303
2498
4943
2726
4446
3740
6476
5989
4476
4592
3866
4421
3357
3075
1739
3633
1645
2717
2529
2192
6252
2799
1694
2017
1781
861
695
1669
2538
2574
1382
1592
1820
4558
1886
2125
1195
1816
2347
2939
3397
3729
2889
2570
1890
3375
3665
2066
445
3860
532
557
1984
1622
1842
1929
4321
3541
525
2839
1820
1596
3769
2002
6242
6193
4927
2765
1877
545
5935
8430
4109
2325
651
4312
2792
3769
3178
4885
2509
4775
4742
5116
5588
2835
5027
2432
7859
1540
961
303
326
1919
1783
282
1645
1808
1909
1751
3932
648
462
1333
1521
882
841
250
241
2558
1548
2099
3479
5134
1628
1277
2184
3080
908
955
1074
4389
6457
5977
2763
2079
2724
6779
1163
644
4580
916
394
367
1627
1854
930
1556
1202
1341
3152
1256
1406
1400
2079
2723
1370
1609
281
1014
1609
1794
1333
4544
467
575
1063
1747
2417
6390
2846
3673
3777
770
718
752
282
468
253
332
1502
1614
1428
1033
1181
1038
1341
2261
1132
960
835
783
1186
4589
820
5612
1474
1075
722
1014
443
695
1063
2259
1007
1352
7393
2118
1803
1437
1114
827
2837
940
1731
1078
1180
997
2226
1210
1399
587
823
1157
550
1185
682
606
878
1270
614
472
932
487
533
537
665
755
629
1675
924
1409
1478
1113
2094
826
926
823
696
611
811
570
619
484
612
598
282
1444
1712
1555
1444
550
905
647
2069
1793
819
545
2408
1155
2035
1481
1597
1413
342
295
552
3598
10475
2260
1505
962
1217
418
447
5790
2813
770
708
475
2153
3334
1772
2320
2587
1636
875
524
408
1083
4238
2366
2590
1537
1214
556
469
1999
1608
428
223
214
447
560
437
340
977
1236
1505
1581
1810
2273
1106
912
1103
567
529
1627
1072
1649
862
1077
515
1033
323
1432
442
299
190
3387
1995
1763
1874
691
365
294
665
417
421
507
504
761
1181
1158
839
912
998
766
2251
558
690
742
584
922
1017
610
1958
870
1265
1026
715
238
437
356
433
269
606
2293
859
683
3741
894
1673
933
1821
664
639
777
762
3613
4424
5767
2959
3697
5601
4480
4092
2216
4000
4525
838
5290
2990
5101
3618
3618
1425
3741
5202
7437
2395
5728
4403
1603
3177
4424
4862
5327
3489
1930
1685
3158
1576
1284
1977
2821
3816
5617
3881
4047
2919
1058
1364
1132
5456
1475
1751
187
440
259
168
1561
1885
1071
794
799
850
3650
4123
5187
791
2005
1044
3891
627
866
1048
3491
3078
3531
4381
1721
6512
3298
1784
1272
7007
4913
2815
1901
3310
4822
4153
4046
4591
2163
2675
4078
2187
1899
1750
4388
5343
2724
3836
1894
4155
8758
4159
3737
4392
2893
1812
4891
3337
3510
1734
691
535
1407
798
648
622
454
277
1275
3423
1560
727
1935
3794
6143
493
535
3133
6297
234
338
635
784
1007
1405
1018
1143
9259
2642
1254
1641
210
1861
813
1206
444
1766
3038
1408
3875
815
897
2047
1021
756
772
748
1105
164
1109
682
1144
711
963
1433
786
1004
1276
1144
2979
460
778
1047
1387
869
854
600
700
1592
2276
1218
1540
2152
931
4985
5128
4332
2110
1761
730
424
1668
651
2862
1537
283
869
3529
4065
3820
2334
4744
1046
900
2083
3273
1170
477
621
4015
1415
445
744
3203
1592
4831
1143
4860
728
1669
1104
1637
3964
1417
2750
3676
4476
3930
4128
2019
734
2277
1725
1079
669
1484
2260
1896
1338
1282
3617
3360
2618
5327
2103
3270
3077
340
265
284
587
3302
1256
1165
278
476
195
198
1833
593
545
201
996
451
2454
2029
1183
1320
2083
570
597
855
424
547
446
325
302
356
344
242
404
582
469
2263
1873
1142
2461
1065
618
2961
1375
1805
1193
1425
1108
1074
2643
2428
804
822
1267
1651
1594
1818
992
2465
1029
528
573
914
1105
961
835
701
1006
1094
1139
2143
603
3441
1384
4397
2531
1903
2152
4342
4680
2623
860
4184
4592
3324
3875
2965
4394
3111
2749
3620
5663
4865
3819
4843
4516
2900
3320
2851
3640
2387
5131
4129
3485
6593
2672
3317
4495
2587
6648
2545
3586
3913
3112
882
815
3271
3534
3082
3198
1721
1776
3794
1004
2307
588
288
248
211
226
147
3768
598
1381
429
583
752
829
1628
369
898
880
1354
785
449
351
547
2032
1937
2231
1312
3437
1221
386
5098
4223
1839
3461
2183
3232
457
244
1142
715
3739
3820
4457
4005
3200
4934
4374
3620
1876
2531
1081
970
949
578
660
4007
4060
416
2369
1449
1499
1053
651
2312
777
3706
3269
1840
731
1707
1303
2077
2021
1595
3075
2414
353
1272
1064
489
1192
630
1382
1303
601
1605
3028
2685
2415
1838
2022
1819
1809
2113
2016
1276
1416
1214
1387
1314
797
749
2092
1117
992
653
1086
3270
2247
2792
2093
2396
3072
1673
1689
1081
1186
2603
1963
2548
2055
2345
1921
2147
2034
2014
3378
1381
1194
1830
1993
2146
1908
598
1406
2885
2269
2628
3207
2838
2603
3021
1785
4104
2052
2552
3489
1779
1837
2255
1369
1547
1046
2470
1606
1441
609
2945
796
1818
931
1114
1370
1175
387
123
1821
3216
2597
1595
902
1192
353
1677
907
1491
1791
1516
1355
2257
1654
1432
438
246
203
2044
1281
560
1812
3089
1715
934
2817
695
2209
1856
2266
2956
1207
1970
1846
2999
946
810
1187
511
497
688
893
563
2301
2083
1956
2399
1407
3232
894
2527
1135
840
2947
2519
2701
2482
2891
1819
2413
2375
2113
2990
1467
1730
2131
1828
1569
2037
2068
548
449
788
169
1193
2077
1670
2699
3269
2278
3126
2574
1974
2153
2497
1941
2465
1609
2299
3596
1435
1554
2608
2820
1517
944
1846
1273
1076
1106
1044
977
1469
1258
1610
1435
878
1869
1062
317
399
276
2484
1114
1649
1142
1990
2699
1980
1099
560
837
3327
2247
1002
3757
2019
1584
2311
3020
2361
2512
2940
1625
601
2017
1814
2235
2727
4049
2180
1886
1820
2232
3204
1735
2335
1059
1880
2655
2165
2628
2850
2843
2293
2367
2398
1845
2928
2631
2748
2344
1895
2051
700
2049
2481
1993
2471
2640
1570
781
1212
987
1045
1059
1672
897
1884
825
1018
337
1610
1425
845
359
435
2148
2529
1794
1872
1285
2373
2455
1484
2483
2121
2252
1913
3404
2335
1877
2224
1868
2390
2410
1828
2107
2307
1909
2602
2489
1247
1916
1359
777
1388
2161
2782
1716
717
2548
1677
2128
599
2245
2039
1756
1926
2075
1563
3260
1468
2039
3203
2701
1345
1192
1973
1648
2128
1474
1881
1932
1506
1519
776
868
1419
636
1608
965
723
737
748
1238
807
975
1895
1165
4043
1829
1599
2162
2098
2407
2757
1660
1620
3661
1305
2338
1608
2255
2286
1365
1685
1696
1181
1191
1833
1258
1516
955
2455
3369
2027
1457
1938
1961
1405
2483
952
2985
922
1970
1940
2089
2915
2902
2212
1812
2904
2487
775
2200
1599
2493
2944
1875
2221
2155
3018
1335
407
1173
1214
889
721
3558
1804
1148
1117
891
1864
2192
1577
1267
2093
1342
1948
2155
2873
1554
1932
1618
1316
1554
1043
754
908
2458
1285
2182
1425
2388
2163
1051
2973
1124
1148
1766
491
1257
2784
1719
2084
2084
1398
1687
629
558
827
1021
858
2803
1065
1298
2352
1677
824
1604
2499
1952
751
378
1606
1438
1034
1289
997
1111
1827
2201
2532
3531
2322
1936
2473
1433
1709
1615
2311
1377
820
1371
906
757
2503
2607
1433
2052
3444
2520
2313
2046
1675
2923
2229
1983
932
2228
1400
2576
2293
2040
1172
2449
2302
2553
2536
3156
2090
1268
1283
593
1036
1203
1429
2010
1707
2230
1886
2578
334
417
308
810
331
722
310
244
225
2225
1085
1323
1659
695
574
451
749
442
2688
1602
1363
408
731
476
431
338
296
398
2003
3452
2103
2534
2140
1255
1082
1158
1723
1703
1499
1972
3190
1999
1129
1878
1143
1110
1164
1572
2359
2560
2219
1179
1127
1654
2479
1079
1685
2118
1472
1220
1194
1243
1268
1993
1408
1887
2003
2968
2468
2573
1856
1664
801
1260
1159
1903
2047
2280
1081
1798
2494
1475
2301
1759
2109
1260
1441
1213
551
2022
1551
2890
1591
1806
1404
645
2191
1347
1036
863
953
248
1338
376
376
197
173
536
931
744
448
936
1064
664
573
1775
1871
914
1045
515
846
361
841
1154
613
3035
2333
1293
1873
2277
553
2025
4076
3285
2715
1695
2220
1526
1388
2523
2130
1608
3325
2039
2393
1437
1486
1633
1882
2501
2164
1067
1991
1197
720
876
1863
1856
2518
3274
2353
2573
2226
681
855
988
3526
1037
2440
1721
1882
2003
2353
2380
1921
1041
525
2210
1190
1498
1973
2427
2146
593
2140
1865
2781
2237
2358
2576
2219
2239
2251
1890
1461
2102
2018
2646
1313
3131
1400
1516
2013
2957
2816
2330
2628
1169
1456
1270
1454
2555
1192
1236
2033
1914
2754
2322
2518
1409
2190
354
2051
3144
2868
2230
1626
1669
2404
1004
1026
1171
1588
1002
988
1758
2611
1608
1733
1784
1777
1667
2678
2237
2624
1921
1742
2310
1893
1498
1852
2354
1964
1818
3134
1820
2671
1364
1295
2958
1748
1000
772
2190
890
1583
1397
1903
1071
1005
1579
2290
1788
1606
1842
1819
2474
1462
2056
349
2678
2613
962
266
903
1815
1195
2439
2433
568
262
305
176
137
119
2126
1495
2336
1779
1924
853
1686
2640
2100
2660
2290
2817
2005
2392
1998
2000
2153
2194
1789
3029
935
1703
2908
887
698
3105
2755
4128
2406
2572
2317
1484
2679
1428
1993
851
2537
384
1273
974
2826
1936
1227
809
1422
1317
1153
1835
1976
1683
1685
1897
2164
1925
2031
1522
1906
2499
1077
1741
1265
904
1746
567
1235
439
583
761
788
764
679
661
3380
464
224
327
288
558
1702
1872
1830
1201
1137
1905
2320
2178
2443
1094
1780
825
1418
2751
2229
1729
2266
1750
1627
1386
2202
1912
2777
1841
936
410
872
1441
892
3060
967
1554
5355
3576
1831
2177
1660
3049
1972
2151
2028
1805
1930
1545
2429
2349
1816
1946
1441
568
1032
711
766
1650
1652
1258
2143
2709
2718
2386
2589
1913
1129
2573
2101
2922
2246
1648
2050
2082
1351
1447
1555
1149
1996
1378
877
600
1676
2284
2566
2821
1807
1963
461
305
323
939
652
1868
1574
334
1547
762
1612
2216
1787
1230
1344
2811
1967
1480
2358
1899
2139
1794
1226
1561
1285
1069
1709
919
725
588
1118
2049
1675
1426
1059
1644
1848
1790
1688
1650
545
782
1115
1820
596
1471
3136
345
991
2439
1917
1873
1120
700
2775
982
1948
831
738
1187
1497
509
1378
1838
1384
988
1597
1247
1062
933
1362
706
744
758
694
1240
646
865
893
1267
1369
686
1376
1930
1100
1067
988
1178
1829
2284
1413
1875
1610
1392
1794
2145
1847
4068
2255
1458
1558
2302
2932
677
1200
1604
551
1943
2448
2749
2968
277
1806
1669
3369
1745
3493
1316
1339
1575
2518
1114
439
1511
1165
1853
1034
865
961
1709
4205
2568
2196
1703
2148
2141
1366
2349
1764
1051
1768
1314
755
1605
1503
1323
802
2870
2889
2541
2253
2792
1574
348
931
892
895
2049
1631
1380
1161
1141
1657
1750
838
2198
1326
1630
2013
1692
1635
2035
2356
940
1847
1936
2062
1049
1095
743
430
1042
734
1837
1416
1019
1723
2279
1602
2584
1550
883
2631
1323
498
583
988
2185
1816
3408
1369
2254
1671
2061
930
514
605
490
3153
1599
4927
3080
411
1448
1711
851
1947
2012
523
339
759
242
1053
1183
462
363
1095
769
2644
1101
2503
3232
1689
802
2029
2774
2495
1533
1105
2727
547
858
1505
1026
2084
2206
530
809
1538
2556
1641
1745
1887
1239
2638
1722
1811
2000
2628
377
302
681
223
176
2421
1691
756
2470
2608
1953
1493
3232
1962
2489
1198
2115
1835
1594
1209
1340
1820
3322
2445
2554
2468
2356
1181
1785
632
1655
1097
1650
1785
2928
1791
2078
2515
888
967
896
497
424
591
699
1282
210
211
1794
4042
1239
1763
1524
1832
1903
1277
710
338
1553
1547
1664
911
2110
1717
2272
1786
2249
1594
1570
2235
677
2478
2177
1775
4387
1414
2043
1804
699
806
558
1559
1845
2311
3024
1342
1575
1057
2230
2845
2015
1822
2626
1319
1179
1417
1434
1628
2106
1785
2287
1731
2612
1505
1027
1880
1430
1497
2168
1278
2468
1085
3408
1468
2362
1401
475
1610
2368
1490
1369
667
668
1629
2229
1448
1668
1041
1435
1600
1333
3183
1422
1538
1110
1605
909
1137
1670
1896
1593
1640
2292
2139
2186
1858
1887
2525
1725
2116
1862
1833
2587
1069
1686
1696
2621
1363
746
742
1717
916
967
1036
1687
873
1535
2397
955
2433
2759
1755
2700
1408
1714
291
972
386
1930
2848
1284
2620
1157
1742
880
1565
1186
1871
1555
1273
1908
1770
1259
2290
1885
1169
733
1648
2315
559
1221
2707
2066
1919
1730
1502
1043
1542
1913
1781
2453
2258
1769
1176
1015
1958
1547
2379
1364
2681
1379
1635
975
1834
906
622
2425
1480
1855
2317
2395
1641
1039
2178
2188
1829
1906
2319
1251
1693
416
925
436
982
2125
2772
1515
1677
2161
1428
799
2000
1807
1539
1658
2016
1474
1372
2150
1601
2206
1564
2110
1774
1164
1411
1771
2583
1552
1621
1635
4497
1729
1442
2080
1622
649
1287
594
2617
1849
1872
910
658
531
1540
625
449
1465
1282
1480
1179
1232
1826
1862
1327
1504
1133
1733
634
402
1173
878
1306
624
764
1716
1942
1524
1667
3303
1638
2156
1708
3247
1300
1365
980
436
377
231
445
326
1711
1203
570
598
2777
798
2017
2372
1752
2173
2221
1046
941
2105
2135
1262
1592
1115
1100
399
378
608
485
740
314
287
784
924
2750
1095
987
671
1057
1048
772
675
2307
2456
386
997
482
439
764
1099
783
3050
395
1571
678
1390
1709
1174
1315
1029
897
1681
1748
2355
1679
2950
1905
1935
638
475
2494
2202
2242
2162
1896
1120
911
1711
1629
1788
2098
2472
2099
1618
1784
1442
752
1222
1073
1703
1772
1822
344
866
2491
2325
1189
2033
2312
1645
1804
998
2025
922
1657
1332
1604
2138
1381
637
1437
784
2515
2895
879
1230
2259
1186
485
1073
2486
1576
1728
2056
1519
1197
2434
1202
812
2220
2559
1566
1871
685
603
576
717
999
873
719
1075
672
1699
1957
538
603
851
661
1496
717
202
1097
264
1284
906
936
1485
1678
2028
1407
1560
1379
1154
2663
1211
1666
858
826
1591
1051
1627
666
1616
1085
1266
1144
591
1003
809
965
769
597
1468
946
1696
740
556
715
835
919
801
699
1752
2098
2322
2187
1544
1321
717
880
412
660
1198
2040
751
1397
807
1283
430
1670
1149
1015
1829
1975
1581
2182
2087
2137
1689
954
2255
2119
1768
2320
1674
1721
2663
1037
2360
822
1935
1658
1726
2601
1511
2253
2236
1640
1733
1473
1193
1384
1155
2063
1803
1515
2181
2234
1401
1392
2251
1127
2195
461
1237
968
1157
2142
1368
844
1104
709
1408
459
511
577
880
1312
392
170
1770
1499
2515
2087
728
1392
1190
2079
1409
1903
2071
2377
1777
1674
1316
1521
1544
2205
1832
1729
1582
1109
1916
2076
2431
1796
1981
1426
1510
1942
1595
1561
1344
862
1572
3745
1912
1672
2856
1751
1747
1625
1399
1514
1034
869
2220
1552
2303
2092
1931
1444
2274
1886
2410
1705
1714
1790
487
1533
1920
700
2409
1314
742
593
543
734
1252
572
923
2010
1722
1031
1697
2108
2351
2477
1672
1635
2031
1006
2069
1996
1436
1923
1419
1188
2149
1738
1878
684
1311
1693
1689
1689
1622
1766
1526
1149
1152
1845
1731
2038
2045
396
296
227
1144
862
1641
679
565
682
459
1355
1671
1175
855
1633
1533
1460
2251
1183
2173
1201
1787
1889
2638
2363
2591
2506
1927
2601
791
1176
1292
995
1829
880
1531
2426
1699
1731
1692
1579
1581
1550
1977
1492
2356
1311
2160
2185
1059
1818
2124
2031
1006
1595
1860
2405
1919
929
1827
1518
2083
1725
992
1986
1839
1633
2491
2492
2290
4067
1894
1737
2321
571
1386
1861
1482
1577
1001
1451
2624
626
2530
1535
2621
2893
1763
1149
2577
2004
2029
1531
2263
799
768
1950
2143
3192
1968
1006
946
1114
636
1684
1061
2137
1886
1392
1096
1274
841
492
488
2049
1312
1239
872
1552
988
875
1517
979
544
1677
2223
1736
2260
2338
1189
1936
1546
1537
1177
1086
797
1462
695
1490
1552
858
388
760
1062
1934
1319
2345
1191
1715
1730
3261
1506
1857
1895
2180
338
563
1366
794
1517
2628
295
2298
1922
2367
1524
1618
1631
1893
1033
984
1220
1115
1715
905
1188
792
1128
1287
827
1480
978
1650
2135
1359
2109
1311
1249
737
1732
1890
559
1004
861
1705
1528
1385
1283
742
1264
1978
1553
2012
1239
1153
1115
1534
1114
1458
538
266
609
468
404
420
402
218
2525
2585
2154
1942
1638
1642
508
320
1217
1286
2131
1804
1440
2075
2434
1692
1749
2234
2699
1680
1839
1801
2000
2724
1836
1659
1402
1710
904
1340
1549
1488
1803
1108
1989
1831
2231
1583
2622
1329
1205
1078
1673
2674
1000
1381
2542
2119
1144
616
1451
1231
1537
1590
1750
1011
927
493
997
1470
1760
1168
1587
625
520
415
552
709
248
809
331
1320
1642
875
514
198
1474
1221
1250
1515
1424
1479
1821
1228
963
1006
2351
2040
2078
2201
556
715
1703
1114
1596
879
1083
1165
3211
1317
1544
1529
484
1929
1761
1108
913
2062
981
1937
719
775
2143
2393
1769
1872
1136
1378
1641
2076
2057
1483
2155
2165
2090
1591
1920
1841
1828
1369
2311
2680
1462
1425
1837
1315
1165
1888
1987
1522
1369
1451
1544
1921
1456
2034
1673
1289
1787
1057
1215
1536
1333
1039
1278
1497
1461
1194
1600
1815
1112
1246
1294
1241
1101
1795
879
840
1266
1187
937
2092
1670
938
1340
2338
1785
1658
2742
2346
1181
1489
1636
1766
1238
1259
1294
565
929
2173
2535
1053
1744
1130
1956
2159
1836
1437
1168
2759
747
1650
2142
667
1035
768
743
1115
1611
2257
246
2161
1440
1704
1897
1835
1804
1683
2190
1246
1592
1581
705
1177
1387
1018
1167
1705
528
530
2449
2311
1834
2759
1234
1318
1303
1804
1361
2087
1695
2077
1851
429
1813
2397
1566
971
1404
996
1201
892
1404
1519
688
2340
2104
1583
1339
2017
1363
1880
1085
1826
1180
673
251
1035
1744
1934
2160
2349
1538
1760
1414
1881
1727
2055
1478
1592
2303
1662
2499
1809
2160
860
1963
988
1849
1301
1759
2236
348
1127
938
1232
1686
2072
1396
758
1019
1391
2609
1668
730
1061
1500
934
1335
1248
1283
1755
1087
1918
1975
1195
2275
1358
2639
2380
1264
961
458
795
925
1090
1829
1107
833
1334
1005
830
885
1733
1852
1568
703
1323
1367
305
167
1540
1710
1520
440
345
281
1850
843
710
2320
1925
401
878
2703
1654
2842
2672
2861
366
3013
1887
2107
1814
950
1727
1329
1412
1601
1125
1245
2062
1979
1445
1036
2084
1326
1366
896
1636
1589
1036
783
1048
1979
1095
728
1200
952
1086
1339
1711
1266
1410
1227
1887
1906
1628
1861
1813
1056
1569
1681
1431
1943
696
1044
796
1021
1513
1622
1986
1125
1025
1004
2414
956
300
874
1174
752
1193
1412
1245
1415
622
1108
1411
329
831
2923
293
302
288
1443
1234
1498
1304
427
1233
1231
1163
2098
1085
1254
872
754
525
2302
767
1483
1392
1683
2016
1526
1946
1397
1358
1463
1640
1407
1730
1850
1138
875
760
1835
1673
1361
1229
1542
1430
1282
1063
1740
1553
1731
1397
1129
3000
1914
362
207
1233
933
418
1905
1783
1233
661
933
1629
1560
1609
1718
808
1675
1018
1901
1312
1490
1473
2166
888
1347
1634
1295
1289
1486
1040
1824
2381
684
414
1616
1663
672
473
1093
766
762
1698
1394
835
1006
458
1702
1514
935
668
1651
2356
2169
1775
1715
2400
1734
1550
1048
1360
1574
1268
618
836
902
975
833
1016
1612
2244
2390
1554
976
1286
1247
1615
780
1383
1809
1741
1649
1494
1342
2539
1257
1200
930
984
1636
958
733
547
1098
1071
1689
1390
1127
1506
1624
1017
977
1705
1644
2058
967
729
1633
1009
577
571
1496
1535
772
686
773
1124
603
374
372
1216
534
467
494
398
967
1353
568
1740
1760
2595
1720
1083
1964
1661
1206
1624
1176
1434
1626
728
937
407
498
1386
990
1546
1065
473
436
1085
1146
960
1437
691
2873
1841
993
1027
1447
2124
1588
1469
1695
1387
1443
1860
1786
2218
1432
1295
1443
1019
1400
990
1749
749
1214
1493
2441
1337
1714
2050
1091
1521
1139
594
1096
1187
1656
1682
540
697
1040
915
650
557
1033
215
1379
1053
1340
436
224
590
1307
1446
464
384
688
1831
1792
1791
1713
1113
993
805
1538
1428
790
1436
2101
1412
3742
1681
2459
1035
1509
1564
1062
1515
1497
1813
1705
798
1745
883
2096
1682
1634
1010
1845
511
667
471
441
769
1090
2362
1536
1737
2204
673
1250
1180
1466
1694
481
275
1786
1345
1647
1591
2188
1721
1434
2105
1793
1539
1565
1680
1049
1654
1636
1440
3005
1196
2382
1285
1685
1847
1349
1541
1285
1741
1457
1450
1861
2204
594
2616
1578
1996
2038
1623
1267
1716
1701
1350
1460
962
1162
1900
1420
1662
2478
1904
1686
1310
2109
1625
2313
1153
757
281
590
669
1149
1074
964
2108
1238
281
935
1272
925
1805
197
296
1400
1231
1227
1177
818
1314
1807
977
2164
973
1939
2546
1342
1356
406
1126
1527
2565
983
1439
1717
2025
1536
1746
1886
1538
782
465
1015
1951
779
1484
603
791
1366
1552
394
1806
1523
2112
2248
1120
1429
1207
2319
1338
1797
1608
1636
2255
2267
977
1465
1756
1400
862
1302
1529
1381
1353
1753
1084
1793
1481
2666
1261
1979
1218
1540
659
2022
1504
1481
1207
1588
1821
1554
2575
2135
2526
1270
1124
1586
1408
1553
1547
437
943
1347
1418
923
1125
1543
2062
1584
1475
2289
1565
2349
2041
2046
966
2416
1971
1593
1004
1226
915
1263
2048
1420
816
1062
535
1130
1470
2399
1344
505
813
575
502
266
1283
458
324
1283
1772
2706
1627
2003
1113
817
276
2221
1321
1084
1697
486
1381
299
1842
1649
1588
1634
1540
1379
2063
1680
1485
974
1690
1888
1711
2743
1076
2163
1118
1020
1367
1306
943
2584
514
1085
771
1306
1345
1812
2351
955
2137
2102
1851
1322
1263
1385
2444
1231
1888
1769
1286
2085
520
902
861
1036
1655
1631
1173
1718
350
325
1169
993
1768
671
1288
767
1490
733
529
1194
1345
1023
887
1366
396
671
481
920
590
843
845
1109
1569
1048
501
679
617
487
460
585
575
518
1204
314
593
711
780
860
986
847
720
273
968
210
895
649
223
540
267
722
704
908
338
1082
593
703
671
518
419
1034
454
1055
1235
675
935
752
1028
498
1360
1204
1414
2047
972
2867
1514
738
1523
1546
1603
1255
1460
1368
1476
2031
1627
2015
1877
1768
1490
1075
1065
821
1872
1677
1510
1588
1546
1582
2008
1551
1610
1175
1227
1643
1742
766
1512
1284
2075
2085
870
1837
1076
1309
1309
1526
1712
1748
1607
1037
1760
2165
2783
2780
2301
1039
2261
908
1214
882
871
821
1688
2232
2244
1058
2674
1180
662
1207
567
1273
1190
1469
2210
1175
2026
1661
1641
1343
1725
1397
1581
1424
1583
1458
1688
2121
1655
1743
1179
984
1561
965
1779
1906
3653
1940
1360
1936
1709
1711
1514
1674
752
489
1486
1509
1475
1296
1769
1709
1981
1361
2015
1405
1131
992
1051
1278
1326
1507
1502
2079
2164
1871
1547
1328
556
1291
978
1563
1738
1669
1639
1063
1598
1201
687
2099
1398
1336
1555
1325
1667
1481
1666
1875
600
1593
1044
680
2575
1129
1330
1044
1500
650
1018
2001
563
567
648
2141
794
856
650
1533
1398
1420
2789
1230
1037
233
1839
1426
259
1001
907
961
1811
842
1553
639
662
943
933
945
641
336
1384
790
2131
1405
2064
2397
1059
658
1341
2052
1540
2452
2186
2019
1804
485
1650
645
193
1267
1336
1254
1740
1588
1422
1667
1514
1468
920
1025
501
727
3050
1026
1320
1100
2127
1794
1751
1488
3593
1753
2539
1492
2186
1725
1364
1878
2141
1352
2206
644
373
234
1829
1093
1321
680
1351
1537
1665
1042
1845
1758
1537
1486
960
1648
1453
695
596
250
1383
3068
2331
1677
1632
1227
811
587
404
945
474
920
828
1748
1564
1423
825
1106
707
2347
1609
1941
1410
1438
1475
1560
1248
775
693
1029
774
919
535
925
687
545
1092
1359
1030
710
901
1189
1077
690
866
928
1478
1606
1421
1067
1005
1890
681
1077
1521
1697
1259
1821
1102
1279
1793
1407
1755
1832
2170
1362
939
1444
3086
1861
1003
1355
835
1229
2346
2198
1191
221
436
715
1522
867
842
729
937
1250
1131
496
450
737
735
906
967
748
653
530
360
506
1513
993
822
675
1188
1160
526
512
998
398
577
376
2029
512
686
1970
1401
1361
1507
3126
1334
1522
1015
1565
1757
1372
1678
548
742
1582
1603
2137
1105
1196
1726
1994
837
2168
1823
592
754
426
1835
1283
532
1050
1225
852
1121
785
645
1357
1520
1709
2392
644
2035
496
869
1862
1979
1292
1322
3236
2083
1560
1875
1527
1454
849
1423
1327
486
706
1450
1331
1650
2186
695
1137
764
1079
706
1092
1555
1419
1746
2004
2482
1515
1195
1233
1284
2047
1333
1621
2498
506
437
2605
1208
2121
1087
978
621
929
886
1935
1816
1650
1089
1383
1173
1415
797
1116
891
1168
1719
442
1265
1187
896
1942
711
1784
1276
1720
1864
1414
957
1429
2091
307
1563
2346
1680
1416
1451
1894
1846
1912
1234
1006
339
1331
603
956
1916
1678
1387
2175
300
1053
1698
1300
1687
2462
2597
2315
1953
727
850
1698
2060
1502
1807
2812
1772
1405
2488
1617
1492
1791
1198
1024
1493
1778
674
556
1313
1377
1008
1696
1255
840
1551
1694
1556
987
860
1877
979
825
504
1867
1178
630
1023
782
967
647
975
355
1070
1313
1857
916
1557
1317
1647
1383
2053
1219
2933
1508
1269
1523
1178
1466
2225
2278
1225
2649
1032
1502
1348
1148
2019
1770
2146
1970
1399
1555
1470
971
685
1145
1800
1290
725
1029
1684
1759
1891
2579
1566
1400
2005
1258
1523
1598
1205
872
1341
1649
1440
1600
652
533
740
636
488
1361
385
288
150
1200
889
1007
1569
1060
1990
1944
1343
1190
1685
1048
1420
1213
1730
1330
1599
563
1384
1944
1675
1584
572
504
880
1284
1373
1279
818
871
917
837
638
562
1109
1431
2053
677
1484
1232
1975
1441
1170
1245
970
1778
1636
1955
1020
1586
1382
1606
1008
1556
1183
1794
1537
1785
1074
1573
2223
1671
838
1098
1249
2218
1290
1334
1938
2125
2539
1372
1876
1491
1445
1762
1186
945
1269
878
376
1062
1087
1086
1146
1170
1273
1090
570
1625
1476
1624
1636
1754
1785
1554
1763
1330
1765
1531
1815
1081
1497
1296
1444
1848
1897
972
1409
1887
2138
1541
1887
696
384
2186
2219
1102
909
1571
1597
1014
535
316
636
533
336
353
1684
1304
1725
1054
509
403
341
1289
964
1660
1860
1483
1306
1513
1419
915
674
768
1320
1436
1228
1329
1267
1551
879
1390
877
1105
1624
1602
2006
1772
714
1480
1191
1571
1394
2072
2206
1188
970
917
1935
1600
1493
1878
1124
1377
689
594
2070
2054
571
672
627
869
648
1104
1454
1142
1476
1006
2019
2220
1883
2281
867
1649
1208
1287
558
1961
1019
694
835
923
1315
804
1923
754
1523
1068
1636
2347
996
671
440
922
1491
759
1396
680
2652
1515
1354
1874
939
1652
952
1738
1504
1051
1812
1196
1251
2166
1822
1122
1266
1535
1722
1434
1418
1244
1197
1219
1262
547
876
1091
1048
1243
1839
2603
1893
1838
1598
1542
1450
2472
982
1628
1589
839
580
910
1613
1953
1679
1915
1342
1215
1310
1552
2265
803
1340
1270
1519
1076
1766
1478
2023
1429
1014
1358
1633
483
963
841
1184
1828
1675
557
671
1909
1291
1646
1342
1073
2152
761
744
454
805
332
1043
811
1147
253
764
723
1741
1565
1890
1390
1568
1250
1366
1096
1590
1364
1639
1357
1481
1935
1086
1794
2015
1959
1057
1574
1000
1640
1226
1913
1112
1577
1832
1814
1925
1602
418
179
545
1372
404
1281
564
1159
1722
737
1029
1867
810
1847
549
389
142
600
1556
955
1985
907
1620
1214
1139
492
1472
1151
1193
1229
2109
640
1005
1577
472
303
1445
825
434
424
1119
526
1324
1279
240
849
1431
1462
1584
1360
2178
602
1002
1891
1134
793
893
1365
1351
1516
462
410
802
693
928
388
1407
1251
650
787
912
1234
1307
1127
523
1706
1099
2075
984
917
462
1614
1283
1212
1551
1296
658
472
584
485
456
1966
981
1446
2079
1423
731
1719
1172
1493
1677
1375
1338
1185
1188
1475
1361
864
927
1316
933
826
868
1416
1753
1512
2003
2134
1498
1430
1198
551
1000
1127
1438
1417
1413
1033
1358
1489
1592
817
1254
2215
1079
1605
1308
1130
2271
1901
1014
709
1456
665
1237
1282
1226
1446
794
843
1122
1145
891
877
686
1442
1861
807
1885
1405
1187
1400
1410
823
1864
1138
1429
1472
1661
1048
269
2431
820
1611
1920
1304
1333
2036
1401
1105
1068
1743
1258
1233
1438
1450
1202
1130
1611
746
1486
1387
1525
1813
2001
1576
1113
840
1049
571
1486
774
1766
1708
763
1528
1582
1126
1308
985
982
1733
706
768
539
514
269
925
1006
609
562
1677
1568
1552
1513
1956
1881
1201
2070
1807
484
379
435
335
1819
1299
1783
789
742
1178
1585
1893
1648
998
1614
1012
1513
1274
1226
519
1052
2259
1072
1800
1575
2433
1932
1101
905
1095
1607
780
621
664
1212
314
636
711
302
1207
850
756
1938
1782
2304
1744
1829
1663
1462
1577
1727
1611
1278
989
1220
1653
849
766
1329
1513
731
1130
1471
1741
1394
661
513
1066
849
673
1480
1505
1744
516
1722
886
986
615
565
2091
1690
1477
1159
1777
1760
1398
1862
824
641
1028
791
510
567
555
1115
1280
1140
794
577
468
770
2005
729
1371
2281
412
734
894
1517
1040
1095
943
530
191
796
1561
2853
867
2202
1120
914
1761
595
1541
1473
1470
1490
583
1165
928
762
546
672
1034
500
873
571
717
1178
786
811
857
2665
972
1400
1908
2005
1771
827
365
379
476
328
1848
558
1061
656
770
564
1010
534
617
912
3283
755
1334
1752
1585
1493
1312
1264
478
1259
1242
1760
1184
1365
1341
1013
1216
2431
1422
1415
1768
2005
1579
862
1023
1971
1444
1588
1217
1684
1726
3034
1696
1156
2323
871
1172
847
1452
1141
820
826
578
1052
968
998
1962
1449
1279
1491
1414
1518
442
1166
610
830
385
381
482
1183
1888
1190
1685
1195
2122
1267
1254
2340
2483
1445
1249
1808
1086
1612
1924
1405
375
484
1255
964
640
680
1195
398
953
1888
1139
1219
1643
1502
1648
1014
1230
1104
1482
992
1383
1432
2168
1636
1114
195
1732
1407
1891
1330
725
1711
1288
1449
1659
956
1482
605
1403
1577
1706
561
1364
1283
1193
1428
1023
1257
909
1052
1162
1182
722
897
1411
1335
1425
1664
1217
2135
1848
1196
595
407
496
446
554
1016
701
423
612
537
365
529
424
441
374
508
357
351
562
697
565
1476
1001
158
298
189
348
243
492
611
597
530
741
586
356
635
489
472
751
472
382
656
531
704
448
665
507
549
1344
805
1338
772
815
855
529
475
910
656
659
585
1165
986
441
758
938
714
836
925
762
905
824
1145
839
841
628
720
758
920
863
690
683
588
650
566
563
647
484
648
552
646
590
451
569
462
414
471
539
567
526
772
918
1297
1598
879
1113
911
812
1777
1481
1146
1330
763
502
1015
991
1369
226
476
940
3534
1892
1065
1840
1006
1371
1076
1386
1329
1948
1206
1354
1251
1301
1063
2051
1000
1245
624
1438
1189
1687
849
286
1083
1447
1292
1197
1486
587
890
679
852
1610
1670
940
645
513
135
1324
1221
1190
1002
1179
1997
1366
1431
1663
911
621
356
395
603
1278
789
931
854
2091
945
1502
2761
996
1163
1347
514
996
1643
523
893
2912
1643
1912
2270
1503
793
1409
1229
1427
1309
1220
1486
812
1182
1208
776
1113
1328
1173
1806
973
1213
1278
2097
866
1873
1599
1625
1189
1098
1118
1689
953
1409
1393
2098
530
864
1382
872
1668
1207
1100
1933
522
342
254
968
1681
1191
947
1197
923
894
1620
1189
1262
2105
284
717
1282
1149
957
1089
1416
1024
719
1839
406
992
1288
954
1384
844
1323
787
1847
677
1172
1557
1500
1687
1411
2176
2234
781
1098
1547
1414
2011
1226
1202
1260
1532
2019
1686
1416
1794
1386
711
1496
956
791
603
980
985
667
1464
850
1300
505
739
1054
913
1685
954
808
325
932
711
477
431
487
478
416
236
1523
1955
939
881
2078
1021
1707
1041
1688
989
2076
1501
1315
829
889
763
1636
2214
1800
1481
1987
785
869
954
671
601
728
794
825
702
922
1279
742
1251
1472
1332
1783
1889
989
808
797
682
650
526
1421
1320
1602
1303
1740
1401
1305
623
1459
2672
1470
1376
1168
2134
1696
1118
1928
1382
1769
1192
863
1201
1124
1075
823
1309
683
1009
608
1554
1310
1227
1382
1059
1146
942
988
1284
1248
1524
1537
2305
1086
1570
2073
2291
1906
1437
860
681
1339
1504
1809
1124
1267
1500
1225
1397
932
653
1373
1350
1547
1239
1214
1626
1332
625
1268
745
1200
638
1217
670
558
1367
1502
1296
907
730
1287
879
797
358
741
827
915
1468
1098
1696
2301
1481
1164
1196
1728
1450
730
1570
1906
1933
1259
2026
1784
1473
1154
1322
1331
923
1441
791
510
280
1360
1124
1277
1884
1921
815
1074
892
1888
790
1262
887
834
649
636
721
627
461
525
312
236
159
504
684
488
913
1093
660
1348
1343
2536
1139
1403
2128
1101
1041
933
1067
909
1816
1445
1042
1481
1072
1203
766
985
1369
1164
422
594
1285
1230
1136
1171
1106
1402
1011
965
1671
893
1879
1811
1343
1316
727
1455
743
1512
1128
1355
698
1973
1290
1109
1164
832
987
1174
646
945
828
344
180
1076
1428
650
803
1051
958
850
594
873
463
413
1411
1528
591
254
635
560
729
247
293
540
732
2622
335
913
330
160
376
247
959
741
300
885
438
980
808
918
994
203
708
1685
1339
221
533
1548
1271
1379
1317
1102
1870
1057
1647
1694
518
1062
1481
1239
1520
667
1261
926
1039
424
710
688
1762
1157
1055
803
1462
812
1109
294
935
1142
657
329
1408
1817
1441
1170
833
1197
1024
559
336
424
1433
1622
1569
1480
1513
1194
1421
1808
1633
784
325
2018
1681
1513
1193
1447
818
928
1544
1414
1162
1083
1094
2184
2173
2261
1450
1580
1472
1041
1268
1404
1047
915
1709
1005
1061
1687
690
670
853
659
1158
866
581
722
1345
2035
1487
1292
1082
1118
2400
1589
1624
984
1475
1426
1571
757
1445
1630
1592
2196
1354
1826
1321
1637
1170
1516
1166
1207
854
762
2088
2145
986
1710
1355
1414
686
1238
1037
152
429
265
213
564
1057
999
640
945
1721
1115
643
1407
1503
1260
1940
1576
1194
913
1184
1431
803
1623
1662
1692
1857
1083
761
694
1626
1332
1249
1323
588
410
462
396
502
1035
160
842
1327
1815
1491
1934
1532
1423
1308
340
1143
1982
899
1122
1892
1190
1159
1526
1580
2080
1091
661
482
1873
1204
1192
1247
1378
1321
2308
1181
729
1614
1615
1851
1708
1780
207
1479
1221
1246
659
1271
1304
970
1193
1622
1708
1389
1882
1248
1979
1634
895
979
1521
1288
656
393
1487
819
1495
1081
1021
950
737
700
1309
1332
1242
945
887
899
765
1174
1711
1487
1370
1140
1720
1498
1597
1435
1133
934
2061
600
2126
715
1211
1226
2061
2295
1464
1110
676
827
1115
608
1328
1076
1717
1248
2457
1361
1307
1359
1345
1398
358
556
321
395
217
463
1016
1168
750
1043
811
669
1485
305
265
253
330
453
189
1307
1242
1364
1320
1951
1392
1284
1373
1213
451
478
746
1390
645
689
609
739
169388
